1	7509297.413	4726975.589	617.5488	RRETHOJ
2	7509295.561	4726978.189	617.6191	ASFALT
3	7509303.114	4726978.632	617.7755	KANAL
4	7509303.386	4726978.353	617.3484	KANAL
5	7509303.906	4726977.955	617.3628	KANAL
6	7509304.21	4726977.615	617.7219	KANAL
7	7509308.69	4726981.591	617.9331	KANAL
8	7509308.462	4726981.888	617.6052	KANAL
9	7509308.099	4726982.512	617.5014	KANAL
10	7509307.852	4726982.831	617.9081	KANAL
11	7509312.403	4726986.278	618.0613	KANAL
12	7509312.616	4726985.978	617.7262	KANAL
13	7509312.932	4726985.304	617.7438	KANAL
14	7509313.153	4726984.953	618.0737	KANAL
15	7509313.696	4726986.295	618.0887	KANAL
16	7509311.012	4726988.478	618.0674	ASFALT
17	7509318.979	4726993.407	618.3187	ASFALT
18	7509319.458	4726992.671	618.3734	KANAL
19	7509319.855	4726993.472	618.2903	UJ-MLEDHS
20	7509321.464	4726990.593	618.4678	
21	7509332.523	4726998.412	619.1036	
22	7509331.822	4726999.802	618.7753	KANAL
23	7509331.428	4727000.469	618.7194	ASFALT
24	7509345.637	4727008.285	619.1395	ASFALT
25	7509345.815	4727007.882	619.0784	UJ-MLEDHS
26	7509345.971	4727007.442	619.1883	KANAL
27	7509347.372	4727004.677	619.8357	
28	7509364.458	4727011.483	620.7184	
29	7509362.658	4727015.561	619.6996	KANAL
30	7509362.344	4727016.438	619.6403	ASFALT
31	7509363.499	4727013.63	619.7563	
32	7509381.758	4727024.849	620.18	ASFALT
33	7509381.902	4727024.451	620.1195	UJ-MLEDHS
34	7509382.033	4727023.995	620.2312	KANAL
35	7509382.853	4727022.094	620.3498	
36	7509383.878	4727019.901	621.3979	
37	7509404.532	4727027.632	622.2383	
38	7509403.748	4727030.069	620.9148	
39	7509402.997	4727031.871	620.8317	KANAL
40	7509402.737	4727032.709	620.7678	ASFALT
41	7509419.084	4727038.144	621.2012	ASFALT
42	7509419.204	4727037.691	621.1458	UJ-MLEDHS
43	7509419.338	4727037.262	621.2632	KANAL
44	7509419.959	4727035.522	621.4064	
45	7509420.941	4727032.185	622.8779	
46	7509442.399	4727038.081	623.6984	
47	7509442.41	4727038.084	623.696	
48	7509441.488	4727041.661	622.0059	
49	7509441.038	4727043.277	621.8467	KANAL
50	7509440.83	4727044.158	621.7786	ASFALT
51	7509457.523	4727048.103	622.1387	ASFALT
52	7509457.577	4727047.674	622.0911	UJ-MLEDHS
53	7509457.722	4727047.214	622.2151	KANAL
54	7509457.985	4727045.972	622.3419	
55	7509458.995	4727041.898	624.2269	
56	7509478.599	4727045.578	624.8282	
57	7509477.977	4727049.5	622.7858	
58	7509477.785	4727050.89	622.5844	KANAL
59	7509477.647	4727051.795	622.5209	ASFALT
60	7509496.683	4727054.225	622.7638	UJ-MLEDHS
61	7509506.826	4727056.153	622.9753	ASFALT
62	7509506.862	4727055.251	623.0452	KANAL
63	7509507.033	4727053.751	623.1617	
64	7509507.332	4727049.686	625.1565	
65	7509519.665	4727050.939	625.2234	
66	7509526.321	4727050.947	625.0336	
67	7509528.285	4727054.167	623.613	
68	7509533.753	4727056.82	623.4435	KANAL
69	7509533.683	4727057.718	623.3766	ASFALT
70	7509519.283	4727056.962	623.1241	ASFALT
71	7509519.346	4727056.062	623.1694	KANAL
72	7509519.57	4727054.761	623.3568	
73	7509532.865	4727050.422	622.6359	
74	7509536.82	4727042.833	622.4327	RRUG
75	7509531.164	4727043.416	622.2456	RRUG
76	7509523.861	4727044.614	624.8764	
77	7509520.678	4727035.353	624.1276	
78	7509526.938	4727033.123	621.8276	RRUG
79	7509532.551	4727030.609	621.9484	RRUG
80	7509528.644	4727019.807	621.5142	RRUG
81	7509523.124	4727022.355	621.3863	RRUG
82	7509516.978	4727024.249	623.1662	
83	7509512.178	4727012.06	622.2783	
84	7509517.429	4727009.957	620.8395	RRUG
85	7509522.833	4727007.26	620.9909	RRUG
86	7509517.8	4726998.509	620.6012	RRUG
87	7509512.295	4727001.113	620.4424	RRUG
88	7509511.856	4727002.403	620.5616	PUSET
89	7509511.812	4727002.504	619.2645	PUSET
90	7509508.353	4727004.525	621.6259	
91	7509501.698	4726995.637	621.0246	
92	7509505.649	4726992.654	620.075	RRUG
93	7509510.69	4726989.452	620.2857	RRUG
94	7509502.046	4726980.965	619.9584	RRUG
95	7509498.538	4726985.791	619.786	RRUG
96	7509495.396	4726988.846	620.7052	
97	7509487.29	4726982.827	620.3419	
98	7509489.967	4726980.73	618.517	PUSET
99	7509489.841	4726980.503	619.4522	PUSET
100	7509489.674	4726979.281	619.4639	RRUG
101	7509492.803	4726974.128	619.6667	RRUG
102	7509486.742	4726970.772	619.5421	RRUG
103	7509483.825	4726976.157	619.4241	RRUG
104	7509483.165	4726977.403	619.1756	KANAL
105	7509482.164	4726979.812	620.207	
106	7509475.648	4726976.208	619.9432	
107	7509475.917	4726974.626	619.1661	KANAL
108	7509476.695	4726973.339	619.3181	RRUG
109	7509478.795	4726967.742	619.4427	RRUG
110	7509464.871	4726961.344	619.2027	RRUG
111	7509462.22	4726969.659	618.9592	RRUG
112	7509461.861	4726970.404	618.8632	KANAL
113	7509460.993	4726972.987	619.8663	
114	7509446.272	4726969.497	619.5213	
115	7509446.375	4726967.894	618.866	KANAL
116	7509446.713	4726966.9	618.9658	RRUG
117	7509446.69	4726960.514	619.1511	RRUG
118	7509428.194	4726960.636	619.3236	RRUG
119	7509428.08	4726966.275	619.3223	RRUG
120	7509427.882	4726969.757	619.5237	
121	7509405.745	4726970.7	619.5061	
122	7509405.094	4726968.005	619.1494	RRUG
123	7509404.596	4726963.01	619.3255	RRUG
124	7509384.851	4726964.243	618.8772	RRUG
125	7509384.563	4726969.414	618.8051	RRUG
126	7509384.676	4726970.266	619.2011	
127	7509365.081	4726969.003	618.6862	
128	7509365.142	4726968.002	618.3243	RRUG
129	7509365.369	4726964.242	618.39	RRUG
130	7509350.464	4726962.378	618.0838	RRUG
131	7509349.928	4726967.631	618.2011	RRUG
132	7509349.947	4726970.549	618.4566	
133	7509334.781	4726963.035	618.5081	
134	7509339.629	4726964.293	618.1011	RRUG
135	7509339.698	4726967.853	618.1738	RRUG
136	7509332.555	4726969.188	618.6655	
137	7509328.861	4726964.002	618.4461	
138	7509322.553	4726970.037	618.3945	
139	7509315.125	4726977.491	617.9494	
140	7509310.495	4726976.654	617.4319	
141	7509314.868	4726969.726	617.9263	
142	7509325.821	4726988.788	618.7135	
143	7509337.373	4726993.916	619.1797	
144	7509343.942	4726979.881	618.7879	
145	7509356.368	4726981.632	619.1676	
146	7509351.841	4726995.321	619.7263	
147	7509368.934	4727002.513	620.38	
148	7509374.868	4726986.461	619.9389	
149	7509395.424	4726986.069	620.2481	
150	7509391.834	4727000.02	621.0019	
151	7509388.688	4727010.494	621.3788	
152	7509400.083	4727002.512	621.2146	PUSET
153	7509408.88	4727015.474	622.0208	
154	7509412.623	4726998.195	621.2048	
155	7509414.412	4726983.432	620.472	
156	7509435.702	4726983.655	620.5916	
157	7509432.309	4726999.592	621.647	
158	7509426.387	4727017.523	622.7646	
159	7509445.245	4727024.166	623.2051	
160	7509447.843	4727011.888	622.5773	
161	7509454.039	4726990.697	621.1163	
162	7509469.858	4726992.883	621.2899	
163	7509467.423	4727006.588	622.345	
164	7509465.026	4727018.133	623.2142	
165	7509462.323	4727029.603	623.9281	
166	7509482.082	4727033.953	624.3809	
167	7509484.038	4727021.706	623.5821	
168	7509484.913	4727009.252	622.5157	
169	7509488.627	4727000.068	621.7076	
170	7509503.251	4727014.327	622.6865	
171	7509501.791	4727026.759	623.8942	
172	7509503.106	4727039.491	624.6557	
173	7509511.009	4727041.287	624.4439	VENTIL-UJI
174	7509541.703	4727042.585	623.08	
175	7509541.723	4727042.591	623.0766	
176	7509547.159	4727044.344	623.0575	VENTIL-UJI
177	7509549.156	4727044.237	623.1501	VENTIL-UJI
178	7509533.828	4727055.94	623.4289	TERTUAR
179	7509533.729	4727057.662	623.3798	ASFALT
180	7509541.984	4727058.308	623.5164	ASFALT
181	7509542.02	4727056.549	623.6426	TERTUAR
182	7509548.889	4727055.758	623.6676	TERTUAR
183	7509549.581	4727057.468	623.6078	ASFALT
184	7509555.286	4727055.064	623.6536	ASFALT
185	7509554.415	4727053.583	623.7693	TERTUAR
186	7509560.271	4727048.806	623.7464	TERTUAR
187	7509561.632	4727049.947	623.6144	ASFALT
188	7509565.044	4727044.698	623.462	ASFALT
189	7509563.384	4727043.748	623.5492	TERTUAR
190	7509563.839	4727044.005	623.5579	PUSET
191	7509566.163	4727033.303	623.2813	PUSET
192	7509565.683	4727032.787	623.3509	TERTUAR
193	7509567.565	4727032.721	623.2232	ASFALT
194	7509567.311	4727021.024	623.2976	ASFALT
195	7509565.53	4727021.05	623.4246	TERTUAR
196	7509563.298	4727020.955	623.2809	
197	7509561.116	4727020.841	623.8384	
198	7509560.764	4727009.286	624.5886	
199	7509562.953	4727009.365	623.6266	
200	7509565.025	4727009.584	623.6745	TERTUAR
201	7509566.81	4727009.436	623.5393	ASFALT
210	7509557.06	4727026.219	623.542	
211	7509553.767	4727025.951	623.0035	
212	7509553.635	4727029.85	623.5382	
213	7509557.667	4727032.24	624.0372	
214	7509554.554	4727039.275	624.09	
215	7509545.257	4727038.088	623.5576	
216	7509546.243	4727033.001	623.5633	
217	7509549.779	4727027.491	622.0642	KANAL
218	7509546.806	4727029.7	622.0842	KANAL
219	7509542.357	4727038.949	623.2992	
220	7509536.372	4727027.416	622.8823	
221	7509539.76	4727026.549	623.0555	
222	7509537.777	4727012.697	622.477	
223	7509532.9	4727014.951	622.4899	
224	7509526.432	4727003.774	621.8997	
225	7509532.153	4726999.634	622.1081	
226	7509526.604	4726990.632	621.5856	
227	7509520.843	4726994.557	621.6532	
228	7509511.817	4726982.572	621.4094	
229	7509516.969	4726978.819	621.4931	
230	7509507.423	4726969.427	620.6809	
231	7509503.51	4726973.801	620.6108	
232	7509501.191	4726969.018	620.3402	
233	7509495.777	4726959.772	619.4606	
234	7509498.708	4726954.877	619.1815	
235	7509499.948	4726953.658	617.9886	KANAL
236	7509501.305	4726952.097	619.2598	
237	7509499.039	4726949.402	619.1177	
238	7509497.41	4726950.878	617.9931	KANAL
239	7509495.608	4726951.387	619.2397	
240	7509489.489	4726947.815	619.3675	
241	7509483.089	4726957.897	619.2142	
242	7509467.713	4726954.762	619.1104	
243	7509471.595	4726947.811	619.2273	
244	7509477.384	4726940.302	619.0599	
245	7509480.11	4726939.084	617.718	KANAL
246	7509460.8	4726929.139	617.2432	KANAL
247	7509459.391	4726932.743	619.0805	
248	7509452.176	4726944.075	619.0018	
249	7509433.975	4726941.343	618.9121	
250	7509435.793	4726926.135	618.7363	
251	7509435.734	4726922.237	617.0113	KANAL
252	7509419.822	4726923.928	618.4646	
253	7509416.119	4726941.291	618.6084	
254	7509391.971	4726941.612	618.2404	
255	7509394.771	4726922.058	617.8697	
256	7509376.755	4726923.566	617.616	
257	7509376.579	4726919.905	615.8391	KANAL
258	7509376.11	4726943.507	617.9715	
259	7509356.372	4726941.297	617.4644	
260	7509359.251	4726923.987	617.0547	
261	7509349.449	4726923.086	617.0051	
262	7509349.51	4726919.789	615.3586	KANAL
263	7509349.377	4726919.856	615.3692	KANAL
264	7509349.622	4726916.97	616.766	
265	7509346.277	4726915.85	616.8193	TERTUAR
266	7509346.135	4726915.658	616.8299	TERTUAR
267	7509344.743	4726916.712	616.8698	RRUG
268	7509341.789	4726909.208	616.7196	RRUG
269	7509341.655	4726911.361	616.7601	RRUG
270	7509341.104	4726912.59	616.8148	RRUG
271	7509330.824	4726919.658	614.7758	KANAL
272	7509335.702	4726928.459	616.932	RRUG
273	7509328.73	4726937.868	616.9759	RRUG
274	7509322.594	4726938.476	616.9617	RRUG
275	7509311.561	4726955.135	617.2112	RRUG
276	7509315.485	4726958.162	617.2746	RRUG
277	7509315.465	4726958.194	617.2743	RRUG
278	7509306.706	4726971.981	617.5314	RRUG
279	7509301.736	4726970.11	617.4348	RRUG
280	7509299.695	4726970.038	617.4251	KANAL
281	7509300.154	4726969.995	616.9352	KANAL
282	7509300.704	4726969.978	616.9429	KANAL
283	7509301.143	4726969.882	617.4399	KANAL
284	7509336.669	4726941.742	617.2839	
285	7509342.679	4726929.814	617.1353	
286	7509354.177	4726909.654	616.9105	
287	7509353.804	4726899.454	616.9033	
288	7509366.532	4726897.472	617.3016	
289	7509364.33	4726913.959	617.1064	VENTILL UJI
290	7509362.614	4726912.548	617.1912	VENTILL UJI
291	7509359.88	4726915.795	616.9095	VENTILL UJI
292	7509361.76	4726916.969	616.5102	VENTILL UJI
293	7509361.998	4726915.001	616.7219	VENTILL UJI
294	7509378.798	4726917.097	616.9877	
295	7509395.617	4726916.34	617.2531	
296	7509416.142	4726910.174	618.5852	RRETHOJ
297	7509414.718	4726915.185	618.274	
298	7509427.694	4726910.026	618.8144	
299	7509427.479	4726917.744	618.0452	
300	7509526.914	4727003.54	621.8367	
301	7509437.275	4726916.264	617.637	
302	7509437.752	4726913.656	618.6343	
303	7509448.866	4726910.686	619.2341	
304	7509448.653	4726915.431	618.1638	
305	7509448.693	4726919.619	617.5073	
306	7509448.948	4726921.795	617.5383	
307	7509458.209	4726925.175	617.6618	
308	7509458.7	4726918.564	618.6944	
309	7509459.982	4726911.692	619.7066	
310	7509472.638	4726910.355	620.3914	
311	7509472.232	4726917.542	619.1478	
312	7509472.508	4726924.172	617.6588	
313	7509477.271	4726926.12	617.8008	
314	7509481.618	4726920.391	618.3821	
315	7509483.892	4726912.356	619.7626	
316	7509485.569	4726907.906	620.8864	
317	7509489.387	4726916.136	620.521	
318	7509493.097	4726924.655	620.2556	
319	7509488.605	4726927.998	619.0756	
320	7509481.739	4726931.792	617.6876	
321	7509487.31	4726939.675	618.0936	
322	7509491.86	4726936.841	619.017	
323	7509497.737	4726934.124	619.958	
324	7509502.309	4726939.899	619.3702	
325	7509501.39	4726942.675	618.7274	
326	7509507.128	4726946.155	620.0791	
327	7509507.729	4726942.754	618.991	KANAL
328	7509507.496	4726938.964	619.6884	
329	7509519.319	4726935.807	620.5758	
330	7509520.193	4726936.948	620.2074	KANAL
331	7509521.668	4726940.024	621.4429	
332	7509535.255	4726934.483	622.6639	
333	7509534.336	4726932.836	622.226	KANAL
334	7509533.531	4726931.898	622.3721	
335	7509543.113	4726922.968	623.7477	
336	7509545.909	4726930.025	624.0448	
337	7509548.717	4726938.755	624.6972	
338	7509551.088	4726945.189	625.9027	
339	7509553.021	4726945.375	626.1401	
340	7509556.534	4726944.556	627.292	
341	7509558.104	4726943.788	627.3869	TERTUAR
342	7509559.793	4726943.235	627.2618	ASFALLT
343	7509562.303	4726960.658	626.1591	ASFALLT
344	7509560.529	4726960.651	626.309	TERTUAR
345	7509556.631	4726960.822	626.1925	
346	7509557.363	4726981.575	625.832	
347	7509560.003	4726980.951	624.991	
348	7509562.748	4726980.567	625.0557	TERTUAR
349	7509564.569	4726980.34	624.9197	ASFALLT
350	7509566.699	4727007.888	623.5828	ASFALLT
351	7509564.891	4727008.123	623.7256	TERTUAR
352	7509562.242	4727008.036	623.8563	
353	7509558.727	4727008.535	625.5106	
354	7509552.777	4727005.561	625.8617	
355	7509548.611	4726988.63	625.2284	
356	7509542.197	4726977.975	625.2506	
357	7509539.772	4726972.532	625.5402	
358	7509537.449	4726970.093	625.1581	
359	7509536.349	4726966.396	626.5427	
360	7509544.347	4726965.932	626.085	
361	7509539.881	4726955.175	626.0166	
362	7509530.894	4726958.459	626.1209	
363	7509521.295	4726954.136	623.7417	
364	7509556.983	4726926.748	628.2933	ASFALLT
365	7509555.181	4726927.082	628.4373	TERTUAR
366	7509553.971	4726927.326	628.3718	
367	7509552.493	4726919.342	628.8545	
368	7509553.681	4726919.237	628.9338	TERTUAR
369	7509555.466	4726918.858	628.7833	ASFALLT
370	7509552.936	4726906.716	629.5912	ASFALLT
371	7509551.244	4726907.278	629.6957	TERTUAR
372	7509550.037	4726907.392	629.5898	
373	7509544.857	4726886.095	631.0205	
374	7509546.198	4726886.055	631.0796	TERTUAR
375	7509547.954	4726885.571	630.9514	ASFALLT
376	7509541.921	4726863.567	632.2236	ASFALLT
377	7509540.273	4726864.256	632.3374	TERTUAR
378	7509538.71	4726864.366	632.2102	
379	7509531.399	4726840.775	633.3796	
380	7509532.741	4726840.316	633.5031	TERTUAR
381	7509534.448	4726839.49	633.4049	ASFALLT
382	7509525.416	4726813.887	634.5337	ASFALLT
383	7509523.56	4726813.998	634.7022	TERTUAR
384	7509522.161	4726814.569	634.6446	
385	7509510.362	4726781.703	635.942	
386	7509511.351	4726781.403	635.9252	TERTUAR
387	7509512.983	4726780.455	635.7951	ASFALLT
388	7509507.753	4726766.091	636.2939	ASFALLT
389	7509505.992	4726766.647	636.4266	TERTUAR
390	7509504.524	4726766.926	636.3837	
391	7509496.476	4726769.761	632.3705	
392	7509483.583	4726789.844	630.5992	
393	7509483.167	4726800.419	629.3516	
394	7509494.924	4726797.249	630.1048	
395	7509506.036	4726798.174	630.665	
396	7509503.222	4726784.496	631.6914	
397	7509511.924	4726818.065	629.3605	
398	7509498.369	4726820.395	628.6191	
399	7509486.013	4726823.623	627.8201	
400	7509463.569	4726829.245	626.4068	
401	7509451.145	4726833.389	625.4935	
402	7509439.005	4726845.552	624.0879	
403	7509457.265	4726847.662	624.7594	
404	7509474.121	4726844.694	625.8333	
405	7509491.048	4726841.472	626.802	
406	7509517.993	4726836.038	628.2595	
407	7509524.062	4726855.795	627.1322	
408	7509499.384	4726861.389	625.5572	
409	7509475.992	4726867.721	624.0086	
410	7509450.843	4726872.558	622.5545	
411	7509413.592	4726872.826	620.8429	
412	7509406.727	4726885.585	619.8942	RRETHOJ
413	7509404.705	4726882.742	619.7677	
414	7509409.57	4726892.912	619.4537	RRETHOJ
415	7509437.743	4726888.284	620.5383	
416	7509467.44	4726885.282	622.0686	
417	7509504.291	4726878.746	624.4022	
418	7509529.202	4726873.809	626.0883	
419	7509533.457	4726890.791	625.1069	
420	7509511.817	4726899.864	622.9645	
421	7509516.154	4726914.942	622.2288	
422	7509537.424	4726904.265	624.5268	
