001,7509332.129,4726988.393,618.433,ZALL,0.007,0.009,12:29:15,2001-02-12,0.923,0.000
002,7509298.176,4726980.401,617.738,ASFALT,0.007,0.009,12:29:50,2001-02-12,0.921,0.000
003,7509298.995,4726979.457,617.629,,0.007,0.010,12:29:57,2001-02-12,0.921,0.000
004,7509301.380,4726977.272,617.683,,0.008,0.011,12:30:02,2001-02-12,0.921,0.000
005,7509302.831,4726978.527,617.808,KANAL,0.007,0.010,12:30:23,2001-02-12,0.920,0.000
006,7509303.018,4726978.371,617.783,KANAL,0.007,0.010,12:30:30,2001-02-12,0.919,0.000
007,7509303.321,4726978.157,617.388,KANAL,0.007,0.010,12:30:34,2001-02-12,0.919,0.000
008,7509303.944,4726977.900,617.397,KANAL,0.008,0.011,12:30:51,2001-02-12,0.918,0.000
009,7509304.248,4726977.626,617.748,KANAL,0.008,0.011,12:30:57,2001-02-12,0.918,0.000
010,7509304.434,4726977.484,617.758,KANAL,0.008,0.011,12:31:00,2001-02-12,0.918,0.000
011,7509306.146,4726980.745,617.426,KANAL,0.007,0.010,12:31:12,2001-02-12,0.917,0.000
012,7509305.862,4726981.040,617.860,KANAL,0.006,0.010,12:31:16,2001-02-12,1.021,0.000
013,7509305.697,4726981.209,617.874,KANAL,0.006,0.009,12:31:20,2001-02-12,0.917,0.000
014,7509305.535,4726981.363,617.867,,0.006,0.008,12:31:26,2001-02-12,0.916,0.000
015,7509305.777,4726981.878,617.886,ZALL,0.006,0.008,12:31:32,2001-02-12,0.916,0.000
016,7509304.211,4726983.742,617.907,ZALL,0.006,0.008,12:31:38,2001-02-12,0.916,0.000
017,7509303.597,4726983.369,617.837,,0.006,0.009,12:31:46,2001-02-12,0.916,0.000
018,7509303.487,4726983.931,617.898,ASFALT,0.006,0.009,12:31:53,2001-02-12,0.893,0.000
019,7509311.899,4726988.321,618.124,ZALL,0.007,0.009,12:32:07,2001-02-12,0.914,0.000
020,7509312.772,4726987.024,618.094,ZALL,0.006,0.009,12:32:11,2001-02-12,0.892,0.000
021,7509312.711,4726986.415,618.084,KANAL,0.007,0.009,12:32:17,2001-02-12,0.892,0.000
022,7509313.551,4726986.247,618.107,KANAL,0.007,0.010,12:32:21,2001-02-12,0.891,0.000
023,7509313.629,4726985.346,618.126,KANAL,0.007,0.010,12:32:27,2001-02-12,0.891,0.000
024,7509313.058,4726984.928,618.099,KANAL,0.007,0.010,12:32:31,2001-02-12,0.891,0.000
025,7509312.633,4726985.079,617.675,KANAL,0.007,0.010,12:32:35,2001-02-12,0.891,0.000
026,7509311.999,4726985.479,617.624,KANAL,0.006,0.009,12:32:39,2001-02-12,0.891,0.000
027,7509311.015,4726982.889,617.992,,0.005,0.007,12:32:56,2001-02-12,0.890,0.000
028,7509304.175,4726976.782,617.719,,0.006,0.008,12:33:09,2001-02-12,0.889,0.000
029,7509304.959,4726976.098,617.634,,0.006,0.008,12:33:14,2001-02-12,0.889,0.000
030,7509305.809,4726975.795,617.507,,0.006,0.009,12:33:18,2001-02-12,0.889,0.000
031,7509307.012,4726972.480,617.489,,0.007,0.011,12:33:23,2001-02-12,0.991,0.000
032,7509309.217,4726972.259,617.479,,0.007,0.009,12:33:27,2001-02-12,0.888,0.000
033,7509309.928,4726972.236,617.636,,0.007,0.009,12:33:32,2001-02-12,0.888,0.000
034,7509310.286,4726973.818,617.739,,0.007,0.009,12:33:36,2001-02-12,0.888,0.000
035,7509310.931,4726975.410,617.890,,0.007,0.010,12:33:39,2001-02-12,0.888,0.000
036,7509311.335,4726977.699,617.963,,0.007,0.010,12:33:43,2001-02-12,0.888,0.000
037,7509314.329,4726979.589,618.007,,0.009,0.011,12:33:48,2001-02-12,1.099,0.000
038,7509315.552,4726981.026,618.019,,0.008,0.011,12:33:51,2001-02-12,0.910,0.000
039,7509315.914,4726981.446,618.062,ZALL,0.007,0.010,12:33:57,2001-02-12,0.887,0.000
040,7509318.498,4726978.786,618.145,ZALL,0.006,0.009,12:34:03,2001-02-12,0.887,0.000
041,7509311.730,4726989.188,618.138,ASFALT,0.006,0.009,12:34:28,2001-02-12,0.886,0.000
042,7509318.382,4726978.822,618.163,ZALL,0.007,0.009,12:34:46,2001-02-12,0.885,0.000
043,7509318.008,4726978.629,618.048,,0.006,0.008,12:34:55,2001-02-12,0.884,0.000
044,7509312.197,4726973.961,617.941,,0.006,0.008,12:35:04,2001-02-12,0.884,0.000
045,7509309.788,4726972.210,617.625,,0.006,0.008,12:35:09,2001-02-12,0.884,0.000
046,7509309.218,4726972.067,617.515,,0.005,0.007,12:35:12,2001-02-12,0.884,0.000
047,7509307.728,4726970.999,617.513,,0.005,0.007,12:35:17,2001-02-12,0.883,0.000
048,7509306.931,4726972.082,617.652,RRETHOJ,0.005,0.007,12:35:27,2001-02-12,0.883,0.000
049,7509318.024,4726954.927,617.339,RRETHOJ,0.005,0.007,12:35:56,2001-02-12,0.760,0.000
050,7509318.106,4726954.943,617.228,,0.005,0.007,12:36:02,2001-02-12,0.760,0.000
051,7509319.636,4726955.880,617.842,,0.005,0.007,12:36:07,2001-02-12,0.813,0.000
052,7509321.685,4726956.760,618.099,,0.005,0.006,12:36:13,2001-02-12,0.760,0.000
053,7509324.490,4726958.492,618.148,,0.004,0.006,12:36:19,2001-02-12,0.760,0.000
054,7509332.463,4726964.022,618.164,,0.005,0.007,12:36:29,2001-02-12,0.813,0.000
055,7509333.375,4726965.028,618.257,ZALL,0.005,0.007,12:36:35,2001-02-12,0.760,0.000
056,7509335.085,4726963.496,618.219,ZALL,0.005,0.006,12:36:39,2001-02-12,0.820,0.000
057,7509336.926,4726963.781,618.265,ZALL,0.004,0.006,12:36:45,2001-02-12,0.769,0.000
058,7509337.111,4726963.008,618.221,,0.004,0.005,12:36:51,2001-02-12,0.760,0.000
059,7509341.875,4726965.494,618.196,,0.006,0.008,12:37:03,2001-02-12,0.760,0.000
060,7509341.168,4726966.414,618.303,ZALL,0.006,0.008,12:37:08,2001-02-12,0.760,0.000
061,7509346.136,4726970.812,618.367,ZALL,0.006,0.009,12:37:16,2001-02-12,0.812,0.000
062,7509347.711,4726970.616,618.439,ZALL,0.006,0.009,12:37:20,2001-02-12,0.760,0.000
063,7509350.337,4726971.001,618.412,ZALL,0.006,0.009,12:37:25,2001-02-12,0.760,0.000
064,7509350.364,4726971.015,618.413,ZALL,0.007,0.009,12:37:28,2001-02-12,0.760,0.000
065,7509350.350,4726970.479,618.360,,0.008,0.011,12:37:33,2001-02-12,0.760,0.000
066,7509348.355,4726969.808,618.300,,0.009,0.012,12:37:38,2001-02-12,0.877,0.000
067,7509344.033,4726965.517,618.206,,0.008,0.011,12:37:45,2001-02-12,0.877,0.000
068,7509357.344,4726961.696,618.419,,0.007,0.010,12:37:58,2001-02-12,0.821,0.000
069,7509358.611,4726963.331,618.392,,0.006,0.009,12:38:02,2001-02-12,0.822,0.000
070,7509359.225,4726965.760,618.355,,0.006,0.009,12:38:07,2001-02-12,0.822,0.000
071,7509359.791,4726967.951,618.222,,0.006,0.008,12:38:11,2001-02-12,0.822,0.000
072,7509360.250,4726967.770,618.369,,0.006,0.009,12:38:16,2001-02-12,0.822,0.000
073,7509365.603,4726968.996,618.430,,0.006,0.009,12:38:24,2001-02-12,0.822,0.000
074,7509366.435,4726961.569,618.936,,0.006,0.008,12:38:32,2001-02-12,0.822,0.000
075,7509363.824,4726960.768,619.007,,0.005,0.008,12:38:36,2001-02-12,0.822,0.000
076,7509360.340,4726960.003,618.940,,0.005,0.007,12:38:41,2001-02-12,0.822,0.000
077,7509358.590,4726956.820,618.906,,0.005,0.007,12:38:46,2001-02-12,0.822,0.000
078,7509357.402,4726954.533,618.963,,0.005,0.006,12:38:51,2001-02-12,0.822,0.000
079,7509356.382,4726952.735,618.946,,0.005,0.006,12:38:57,2001-02-12,0.822,0.000
080,7509354.863,4726950.905,619.033,,0.005,0.007,12:39:02,2001-02-12,0.822,0.000
081,7509350.540,4726949.725,619.017,,0.005,0.007,12:39:09,2001-02-12,0.822,0.000
082,7509347.427,4726948.383,619.025,,0.005,0.007,12:39:15,2001-02-12,0.823,0.000
083,7509344.910,4726947.391,619.068,,0.012,0.016,12:39:20,2001-02-12,0.823,0.000
084,7509344.957,4726947.349,619.066,,0.006,0.009,12:40:45,2001-02-12,0.824,0.000
085,7509343.314,4726945.559,619.142,,0.006,0.008,12:40:51,2001-02-12,0.824,0.000
086,7509343.537,4726941.955,619.070,,0.006,0.008,12:40:58,2001-02-12,0.824,0.000
087,7509341.352,4726942.306,618.949,,0.005,0.007,12:41:11,2001-02-12,0.824,0.000
088,7509338.912,4726942.179,618.223,PUSET-F,0.005,0.007,12:41:22,2001-02-12,0.824,0.000
089,7509342.914,4726938.161,618.205,PUSET-F,0.005,0.007,12:41:33,2001-02-12,0.824,0.000
090,7509341.887,4726936.429,617.851,,0.005,0.007,12:41:44,2001-02-12,0.824,0.000
091,7509340.280,4726933.920,617.811,,0.005,0.007,12:41:56,2001-02-12,0.825,0.000
092,7509339.140,4726933.239,617.740,,0.007,0.010,12:42:00,2001-02-12,0.825,0.000
093,7509337.232,4726932.748,617.606,,0.005,0.008,12:42:05,2001-02-12,0.825,0.000
094,7509335.795,4726934.124,617.646,,0.006,0.008,12:42:10,2001-02-12,0.825,0.000
095,7509334.118,4726936.077,617.638,,0.007,0.009,12:42:15,2001-02-12,0.825,0.000
096,7509332.398,4726938.385,617.744,,0.007,0.010,12:42:20,2001-02-12,0.825,0.000
097,7509333.952,4726939.342,618.525,,0.007,0.009,12:42:25,2001-02-12,0.825,0.000
098,7509332.426,4726942.208,618.213,,0.007,0.010,12:42:31,2001-02-12,0.825,0.000
099,7509331.695,4726943.603,617.873,,0.007,0.009,12:42:36,2001-02-12,0.825,0.000
100,7509328.449,4726942.906,617.802,,0.007,0.011,12:42:42,2001-02-12,0.963,0.000
101,7509328.914,4726948.774,618.058,,0.006,0.009,12:42:50,2001-02-12,0.825,0.000
102,7509324.984,4726949.259,617.918,,0.007,0.010,12:42:56,2001-02-12,0.825,0.000
103,7509322.689,4726948.229,616.924,,0.006,0.010,12:43:08,2001-02-12,0.925,0.000
104,7509322.581,4726948.028,617.204,RRETHOJ,0.006,0.008,12:43:17,2001-02-12,0.826,0.000
105,7509328.549,4726938.837,617.094,RRETHOJ,0.006,0.008,12:43:31,2001-02-12,0.826,0.000
106,7509328.583,4726938.961,616.900,,0.006,0.008,12:43:37,2001-02-12,0.888,0.000
107,7509334.155,4726931.355,616.887,,0.006,0.009,12:43:48,2001-02-12,0.826,0.000
108,7509334.029,4726931.221,617.042,RRETHOJ,0.006,0.009,12:43:58,2001-02-12,0.826,0.000
109,7509344.997,4726916.937,616.968,RRETHOJ,0.006,0.009,12:44:21,2001-02-12,0.826,0.000
110,7509345.095,4726916.960,616.834,,0.006,0.009,12:44:26,2001-02-12,0.826,0.000
111,7509347.719,4726916.536,616.844,,0.006,0.009,12:44:33,2001-02-12,0.826,0.000
112,7509348.421,4726917.831,616.602,,0.006,0.009,12:44:37,2001-02-12,0.826,0.000
113,7509347.885,4726919.720,616.553,,0.006,0.009,12:44:43,2001-02-12,0.827,0.000
114,7509349.216,4726919.940,616.644,,0.006,0.008,12:44:47,2001-02-12,0.827,0.000
115,7509349.547,4726920.026,615.450,LUMI,0.009,0.012,12:45:04,2001-02-12,1.035,0.000
116,7509348.342,4726921.249,616.583,,0.008,0.011,12:45:15,2001-02-12,0.921,0.000
117,7509349.600,4726922.798,616.944,,0.008,0.011,12:45:20,2001-02-12,0.921,0.000
118,7509351.992,4726922.431,616.999,,0.008,0.012,12:45:25,2001-02-12,0.921,0.000
119,7509353.964,4726922.286,617.048,,0.009,0.013,12:45:30,2001-02-12,0.827,0.000
120,7509355.347,4726922.261,616.847,,0.009,0.012,12:45:34,2001-02-12,0.827,0.000
121,7509355.763,4726920.458,615.790,LUMI,0.007,0.010,12:45:50,2001-02-12,0.943,0.000
122,7509358.545,4726921.044,615.902,LUMI,0.005,0.007,12:46:00,2001-02-12,0.787,0.000
123,7509357.393,4726922.327,616.760,,0.005,0.007,12:46:08,2001-02-12,0.787,0.000
124,7509356.666,4726923.701,616.970,,0.005,0.008,12:46:14,2001-02-12,0.787,0.000
125,7509358.591,4726924.490,617.202,,0.008,0.012,12:46:20,2001-02-12,0.979,0.000
126,7509357.532,4726924.953,617.293,,0.007,0.010,12:46:27,2001-02-12,0.855,0.000
127,7509354.531,4726924.588,617.301,,0.011,0.016,12:46:57,2001-02-12,1.039,0.000
128,7509351.124,4726924.345,617.329,,0.009,0.014,12:47:03,2001-02-12,0.788,0.000
129,7509350.023,4726926.172,617.447,,0.008,0.012,12:47:08,2001-02-12,0.788,0.000
130,7509346.021,4726925.044,617.145,,0.016,0.021,12:47:33,2001-02-12,2.084,0.000
131,7509345.227,4726924.582,617.003,,0.008,0.011,12:47:52,2001-02-12,0.788,0.000
132,7509345.070,4726923.860,616.923,,0.008,0.011,12:47:57,2001-02-12,0.788,0.000
133,7509343.043,4726923.482,617.655,,0.006,0.009,12:48:03,2001-02-12,0.853,0.000
134,7509342.603,4726924.351,617.649,,0.006,0.008,12:48:06,2001-02-12,0.788,0.000
135,7509342.355,4726925.235,617.366,,0.006,0.009,12:48:10,2001-02-12,0.788,0.000
136,7509340.559,4726924.924,617.495,,0.006,0.008,12:48:14,2001-02-12,0.788,0.000
137,7509339.321,4726927.081,617.397,,0.006,0.009,12:48:18,2001-02-12,0.788,0.000
138,7509338.796,4726928.316,617.491,,0.006,0.008,12:48:21,2001-02-12,0.788,0.000
139,7509337.601,4726930.490,617.453,,0.007,0.009,12:48:26,2001-02-12,0.829,0.000
140,7509338.529,4726932.057,617.583,,0.007,0.010,12:48:30,2001-02-12,0.944,0.000
141,7509339.275,4726932.723,617.695,,0.007,0.009,12:48:34,2001-02-12,0.829,0.000
142,7509339.260,4726935.549,618.859,,0.006,0.009,12:48:41,2001-02-12,0.789,0.000
143,7509338.814,4726936.975,619.303,,0.007,0.009,12:48:46,2001-02-12,0.789,0.000
144,7509337.927,4726937.732,619.122,,0.007,0.010,12:48:51,2001-02-12,0.789,0.000
145,7509337.132,4726937.165,619.127,,0.007,0.010,12:48:55,2001-02-12,0.789,0.000
146,7509337.156,4726936.251,619.200,,0.007,0.010,12:48:58,2001-02-12,0.852,0.000
147,7509341.089,4726936.264,617.838,,0.006,0.009,12:49:14,2001-02-12,0.789,0.000
148,7509341.394,4726935.032,617.814,,0.006,0.009,12:49:17,2001-02-12,0.789,0.000
149,7509340.964,4726934.282,617.789,,0.006,0.008,12:49:20,2001-02-12,0.789,0.000
150,7509340.252,4726933.790,617.753,,0.006,0.008,12:49:22,2001-02-12,0.789,0.000
151,7509341.450,4726933.573,617.798,,0.005,0.008,12:49:27,2001-02-12,0.789,0.000
152,7509342.562,4726932.059,617.874,,0.006,0.008,12:49:31,2001-02-12,0.789,0.000
153,7509343.878,4726931.072,617.909,,0.006,0.008,12:49:34,2001-02-12,0.789,0.000
154,7509345.712,4726930.747,617.916,,0.006,0.008,12:49:38,2001-02-12,0.789,0.000
155,7509348.445,4726930.354,617.874,,0.006,0.008,12:49:42,2001-02-12,0.789,0.000
156,7509353.727,4726929.539,617.929,,0.006,0.009,12:49:49,2001-02-12,0.789,0.000
157,7509355.272,4726929.138,618.050,,0.006,0.009,12:49:53,2001-02-12,0.789,0.000
158,7509355.062,4726926.724,618.131,,0.006,0.009,12:49:58,2001-02-12,0.829,0.000
159,7509358.284,4726928.023,618.163,,0.006,0.008,12:50:07,2001-02-12,0.829,0.000
160,7509358.050,4726926.406,618.085,,0.006,0.009,12:50:12,2001-02-12,0.829,0.000
161,7509361.291,4726926.361,618.129,,0.007,0.010,12:50:21,2001-02-12,0.945,0.000
162,7509361.816,4726924.878,618.149,,0.006,0.008,12:50:27,2001-02-12,0.829,0.000
163,7509364.403,4726925.221,618.159,,0.007,0.010,12:50:34,2001-02-12,0.829,0.000
164,7509364.748,4726924.184,618.096,,0.007,0.009,12:50:38,2001-02-12,0.829,0.000
165,7509362.871,4726921.382,616.165,LUMI,0.007,0.010,12:50:54,2001-02-12,0.880,0.000
166,7509368.052,4726924.081,618.148,,0.007,0.010,12:51:13,2001-02-12,0.879,0.000
167,7509367.866,4726924.774,618.274,,0.006,0.009,12:51:17,2001-02-12,0.879,0.000
168,7509368.679,4726925.945,619.196,,0.006,0.008,12:51:27,2001-02-12,0.830,0.000
169,7509371.705,4726925.217,619.362,,0.006,0.008,12:51:33,2001-02-12,0.830,0.000
170,7509372.877,4726924.339,618.998,,0.006,0.008,12:51:38,2001-02-12,0.830,0.000
171,7509372.039,4726926.167,619.409,,0.006,0.008,12:51:44,2001-02-12,0.830,0.000
172,7509372.294,4726928.278,619.570,,0.006,0.008,12:51:48,2001-02-12,0.830,0.000
173,7509373.061,4726929.694,619.459,,0.005,0.007,12:51:52,2001-02-12,0.862,0.000
174,7509373.797,4726930.620,619.547,,0.005,0.007,12:51:55,2001-02-12,0.830,0.000
175,7509369.505,4726933.497,619.676,,0.005,0.007,12:52:04,2001-02-12,0.863,0.000
176,7509365.279,4726934.047,619.356,,0.005,0.007,12:52:09,2001-02-12,0.830,0.000
177,7509363.103,4726926.862,619.048,,0.005,0.007,12:52:18,2001-02-12,0.788,0.000
178,7509360.686,4726928.986,619.190,,0.005,0.008,12:52:23,2001-02-12,0.788,0.000
179,7509359.019,4726930.933,619.445,,0.005,0.007,12:52:28,2001-02-12,0.788,0.000
180,7509354.364,4726932.216,619.447,,0.005,0.007,12:52:35,2001-02-12,0.788,0.000
181,7509351.653,4726932.732,619.501,,0.005,0.007,12:52:40,2001-02-12,0.788,0.000
182,7509349.375,4726932.536,619.293,,0.005,0.007,12:52:44,2001-02-12,0.788,0.000
183,7509348.161,4726933.358,619.457,,0.005,0.007,12:52:48,2001-02-12,0.788,0.000
184,7509347.564,4726933.911,619.354,,0.005,0.007,12:52:51,2001-02-12,0.788,0.000
185,7509346.726,4726932.327,618.713,,0.005,0.007,12:52:56,2001-02-12,0.788,0.000
186,7509344.068,4726932.136,618.563,,0.005,0.007,12:53:01,2001-02-12,0.788,0.000
187,7509342.911,4726933.080,618.425,,0.005,0.007,12:53:04,2001-02-12,0.788,0.000
188,7509342.861,4726934.245,618.603,,0.005,0.007,12:53:07,2001-02-12,0.788,0.000
189,7509343.934,4726936.020,618.642,,0.005,0.007,12:53:11,2001-02-12,0.788,0.000
190,7509345.183,4726938.134,618.711,,0.004,0.006,12:53:14,2001-02-12,0.749,0.000
191,7509346.436,4726936.684,618.655,,0.004,0.006,12:53:18,2001-02-12,0.749,0.000
192,7509347.925,4726936.788,619.238,,0.004,0.006,12:53:23,2001-02-12,0.749,0.000
193,7509348.168,4726937.682,619.341,,0.005,0.006,12:53:26,2001-02-12,0.749,0.000
194,7509346.914,4726939.242,619.370,,0.005,0.008,12:53:30,2001-02-12,0.750,0.000
195,7509350.526,4726942.555,619.276,,0.005,0.008,12:53:36,2001-02-12,0.750,0.000
196,7509354.624,4726943.116,619.270,,0.005,0.007,12:53:42,2001-02-12,0.750,0.000
197,7509367.791,4726951.241,619.350,,0.005,0.008,12:53:58,2001-02-12,0.750,0.000
198,7509366.646,4726961.461,618.930,,0.005,0.008,12:54:16,2001-02-12,0.750,0.000
199,7509369.695,4726961.765,618.919,,0.006,0.008,12:54:31,2001-02-12,0.750,0.000
200,7509369.468,4726960.502,618.874,,0.005,0.008,12:54:36,2001-02-12,0.750,0.000
201,7509369.774,4726958.636,619.344,,0.005,0.008,12:54:42,2001-02-12,0.750,0.000
202,7509370.765,4726958.843,619.347,,0.004,0.006,12:54:46,2001-02-12,0.751,0.000
203,7509371.668,4726958.670,619.326,,0.004,0.006,12:54:49,2001-02-12,0.751,0.000
204,7509373.587,4726958.522,619.368,,0.004,0.006,12:54:55,2001-02-12,0.751,0.000
205,7509372.470,4726960.974,617.892,GYPI,0.005,0.007,12:55:20,2001-02-12,0.751,0.000
206,7509372.643,4726961.005,617.906,GYPI,0.005,0.007,12:55:25,2001-02-12,0.751,0.000
207,7509374.022,4726958.831,619.482,,0.005,0.007,12:55:42,2001-02-12,0.751,0.000
208,7509373.939,4726960.480,619.009,,0.005,0.007,12:55:50,2001-02-12,0.751,0.000
209,7509375.010,4726960.939,619.090,,0.005,0.007,12:55:55,2001-02-12,0.751,0.000
210,7509375.196,4726959.499,619.508,,0.006,0.008,12:56:00,2001-02-12,0.751,0.000
211,7509375.807,4726957.310,619.577,,0.006,0.009,12:56:05,2001-02-12,0.751,0.000
212,7509376.471,4726958.104,619.012,,0.006,0.008,12:56:13,2001-02-12,0.752,0.000
213,7509377.074,4726959.191,618.798,,0.005,0.007,12:56:18,2001-02-12,0.752,0.000
214,7509378.345,4726958.455,618.825,,0.005,0.007,12:56:22,2001-02-12,0.752,0.000
215,7509379.750,4726957.838,619.105,,0.005,0.007,12:56:26,2001-02-12,0.752,0.000
216,7509380.665,4726957.287,619.081,,0.005,0.007,12:56:31,2001-02-12,0.752,0.000
217,7509381.286,4726956.796,619.033,,0.005,0.007,12:56:35,2001-02-12,0.752,0.000
218,7509382.505,4726956.372,619.090,,0.005,0.008,12:56:39,2001-02-12,0.752,0.000
219,7509384.059,4726956.051,619.062,,0.005,0.007,12:56:44,2001-02-12,0.752,0.000
220,7509385.649,4726957.296,619.133,,0.006,0.008,12:56:49,2001-02-12,0.752,0.000
221,7509386.360,4726956.941,619.266,,0.006,0.008,12:56:52,2001-02-12,0.752,0.000
222,7509386.713,4726955.665,619.367,,0.006,0.008,12:56:57,2001-02-12,0.752,0.000
223,7509386.696,4726954.369,619.920,,0.006,0.008,12:57:03,2001-02-12,0.752,0.000
224,7509384.073,4726954.330,619.717,,0.006,0.009,12:57:08,2001-02-12,0.752,0.000
225,7509382.439,4726954.302,619.550,,0.006,0.009,12:57:12,2001-02-12,0.752,0.000
226,7509380.735,4726954.901,619.694,,0.006,0.009,12:57:16,2001-02-12,0.752,0.000
227,7509378.852,4726955.471,619.690,,0.006,0.009,12:57:20,2001-02-12,0.752,0.000
228,7509377.832,4726956.236,619.746,,0.006,0.009,12:57:23,2001-02-12,0.752,0.000
229,7509375.723,4726957.389,619.552,,0.006,0.008,12:57:27,2001-02-12,0.752,0.000
230,7509378.098,4726946.601,619.686,,0.006,0.009,12:57:43,2001-02-12,0.753,0.000
231,7509387.334,4726948.745,619.954,,0.007,0.010,12:57:54,2001-02-12,0.753,0.000
232,7509388.923,4726948.994,620.069,,0.007,0.010,12:58:02,2001-02-12,0.791,0.000
233,7509391.080,4726949.969,620.071,,0.007,0.010,12:58:07,2001-02-12,0.753,0.000
234,7509394.661,4726950.594,620.159,,0.007,0.011,12:58:13,2001-02-12,0.753,0.000
235,7509393.900,4726955.030,620.147,,0.007,0.010,12:58:20,2001-02-12,0.753,0.000
236,7509391.000,4726954.920,619.972,,0.007,0.010,12:58:28,2001-02-12,0.753,0.000
237,7509390.620,4726956.274,619.387,,0.007,0.010,12:58:33,2001-02-12,0.753,0.000
238,7509396.372,4726957.675,619.545,,0.007,0.010,12:58:47,2001-02-12,0.753,0.000
239,7509396.827,4726956.837,619.609,,0.007,0.010,12:58:51,2001-02-12,0.753,0.000
240,7509395.208,4726956.540,619.539,,0.008,0.011,12:58:54,2001-02-12,0.753,0.000
241,7509395.798,4726955.346,620.086,,0.007,0.010,12:58:57,2001-02-12,0.753,0.000
242,7509400.188,4726956.515,620.245,,0.008,0.011,12:59:03,2001-02-12,0.754,0.000
243,7509402.380,4726957.240,620.210,,0.008,0.012,12:59:08,2001-02-12,0.754,0.000
244,7509403.136,4726958.083,620.316,,0.008,0.012,12:59:11,2001-02-12,0.754,0.000
245,7509402.576,4726958.712,619.801,,0.008,0.012,12:59:14,2001-02-12,0.754,0.000
246,7509402.421,4726959.646,619.565,,0.007,0.010,12:59:18,2001-02-12,0.754,0.000
247,7509410.958,4726963.272,619.394,,0.007,0.011,12:59:28,2001-02-12,0.801,0.000
248,7509411.244,4726962.581,619.575,,0.006,0.009,12:59:33,2001-02-12,0.888,0.000
249,7509411.989,4726961.295,620.298,,0.006,0.008,12:59:37,2001-02-12,0.754,0.000
250,7509417.749,4726964.568,620.350,,0.008,0.013,12:59:45,2001-02-12,0.891,0.000
251,7509419.300,4726958.889,620.462,,0.007,0.010,12:59:53,2001-02-12,0.889,0.000
252,7509420.248,4726957.493,621.404,E3,0.005,0.008,13:00:34,2001-02-12,0.755,0.000
253,7509412.572,4726953.367,621.286,E3,0.005,0.007,13:00:46,2001-02-12,0.755,0.000
254,7509411.573,4726952.460,621.881,E4,0.005,0.007,13:01:05,2001-02-12,0.755,0.000
255,7509410.370,4726951.274,622.526,E4,0.005,0.007,13:01:11,2001-02-12,0.755,0.000
256,7509408.811,4726950.250,622.759,E4,0.005,0.007,13:01:16,2001-02-12,0.755,0.000
257,7509407.875,4726949.696,622.516,E4,0.005,0.007,13:01:20,2001-02-12,0.755,0.000
258,7509406.464,4726948.515,621.657,E3,0.005,0.007,13:01:28,2001-02-12,0.755,0.000
259,7509405.042,4726947.204,621.562,E3,0.005,0.007,13:01:32,2001-02-12,0.755,0.000
260,7509404.042,4726948.881,620.439,E2,0.005,0.007,13:01:53,2001-02-12,0.755,0.000
261,7509405.389,4726951.868,620.273,E2,0.005,0.007,13:01:59,2001-02-12,0.755,0.000
262,7509406.259,4726952.987,620.250,E2,0.005,0.007,13:02:02,2001-02-12,0.755,0.000
263,7509401.776,4726948.027,620.347,E2,0.005,0.007,13:02:11,2001-02-12,0.756,0.000
264,7509399.771,4726947.717,620.354,E2,0.005,0.007,13:02:15,2001-02-12,0.756,0.000
265,7509398.951,4726949.486,620.223,E2,0.004,0.006,13:02:19,2001-02-12,0.756,0.000
266,7509398.065,4726950.800,620.146,E2,0.004,0.007,13:02:22,2001-02-12,0.756,0.000
267,7509396.747,4726950.975,620.255,E2,0.005,0.006,13:02:27,2001-02-12,0.756,0.000
268,7509396.451,4726948.881,621.029,E3,0.005,0.007,13:02:35,2001-02-12,0.756,0.000
269,7509397.596,4726947.023,621.194,E3,0.005,0.007,13:02:39,2001-02-12,0.789,0.000
270,7509398.033,4726945.602,621.311,E3,0.005,0.007,13:02:43,2001-02-12,0.756,0.000
271,7509398.553,4726945.552,620.905,E3,0.005,0.007,13:02:46,2001-02-12,0.756,0.000
272,7509399.456,4726945.497,621.104,E3,0.005,0.007,13:02:50,2001-02-12,0.789,0.000
273,7509400.485,4726945.584,621.113,E3,0.005,0.007,13:02:56,2001-02-12,0.756,0.000
274,7509397.114,4726946.336,621.248,E3,0.006,0.009,13:03:05,2001-02-12,0.852,0.000
275,7509396.104,4726948.654,621.091,E3,0.006,0.009,13:03:09,2001-02-12,0.756,0.000
276,7509395.097,4726948.961,621.090,E3,0.006,0.008,13:03:12,2001-02-12,0.756,0.000
277,7509392.971,4726947.744,621.032,E3,0.006,0.008,13:03:19,2001-02-12,0.756,0.000
278,7509391.981,4726947.688,621.237,E3,0.006,0.008,13:03:25,2001-02-12,0.756,0.000
279,7509389.190,4726947.887,620.759,E3,0.005,0.008,13:03:30,2001-02-12,0.756,0.000
280,7509387.961,4726947.488,620.373,E3,0.006,0.008,13:03:35,2001-02-12,0.756,0.000
281,7509386.304,4726946.563,620.882,E3,0.006,0.008,13:03:39,2001-02-12,0.756,0.000
282,7509385.866,4726945.610,620.530,E3,0.006,0.008,13:03:43,2001-02-12,0.756,0.000
283,7509385.077,4726944.476,621.031,E3,0.006,0.008,13:03:49,2001-02-12,0.757,0.000
284,7509385.509,4726944.178,620.761,E3,0.006,0.008,13:03:53,2001-02-12,0.757,0.000
285,7509385.396,4726943.682,620.298,E3,0.006,0.009,13:04:00,2001-02-12,0.757,0.000
286,7509384.232,4726943.689,619.944,E2,0.006,0.009,13:04:08,2001-02-12,0.757,0.000
287,7509383.583,4726945.062,619.939,E2,0.006,0.009,13:04:12,2001-02-12,0.757,0.000
288,7509383.925,4726943.556,619.784,E2,0.006,0.009,13:04:19,2001-02-12,0.757,0.000
289,7509384.297,4726941.308,619.866,E2,0.007,0.009,13:04:23,2001-02-12,0.757,0.000
290,7509384.622,4726939.978,619.651,E2,0.007,0.009,13:04:29,2001-02-12,0.757,0.000
291,7509385.055,4726938.645,619.835,E2,0.006,0.008,13:04:33,2001-02-12,0.757,0.000
292,7509387.078,4726936.534,619.800,E2,0.007,0.009,13:04:38,2001-02-12,0.910,0.000
293,7509387.594,4726934.769,619.995,E2,0.006,0.008,13:04:42,2001-02-12,0.757,0.000
294,7509387.858,4726932.052,619.919,E2,0.007,0.010,13:04:46,2001-02-12,0.757,0.000
295,7509387.526,4726930.480,620.015,E2,0.007,0.009,13:04:50,2001-02-12,0.757,0.000
296,7509387.085,4726927.623,620.102,E2,0.006,0.009,13:04:55,2001-02-12,0.757,0.000
297,7509386.814,4726926.664,619.915,E2,0.006,0.009,13:05:02,2001-02-12,0.757,0.000
298,7509386.752,4726923.325,617.911,E1,0.007,0.010,13:05:24,2001-02-12,0.757,0.000
299,7509386.574,4726920.465,616.383,LUMI,0.008,0.012,13:05:38,2001-02-12,0.796,0.000
300,7509378.056,4726923.598,617.727,E1,0.007,0.010,13:06:07,2001-02-12,0.758,0.000
301,7509376.823,4726923.074,617.306,E1,0.007,0.011,13:06:10,2001-02-12,0.758,0.000
302,7509375.537,4726922.980,617.397,E1,0.007,0.010,13:06:14,2001-02-12,0.758,0.000
303,7509376.598,4726920.493,616.156,LUMI,0.007,0.010,13:06:29,2001-02-12,0.758,0.000
304,7509375.912,4726925.808,617.414,GYPI,0.008,0.011,13:06:52,2001-02-12,0.758,0.000
305,7509377.565,4726927.114,619.327,E2,0.007,0.010,13:07:08,2001-02-12,0.758,0.000
306,7509377.278,4726928.679,619.420,E2,0.007,0.010,13:07:11,2001-02-12,0.758,0.000
307,7509377.060,4726929.182,619.536,E2,0.007,0.010,13:07:16,2001-02-12,0.758,0.000
308,7509378.701,4726928.920,619.857,E2,0.007,0.010,13:07:21,2001-02-12,0.758,0.000
309,7509379.152,4726928.516,620.027,E2,0.007,0.010,13:07:24,2001-02-12,0.758,0.000
310,7509388.222,4726927.875,620.782,E3,0.007,0.010,13:07:57,2001-02-12,0.759,0.000
311,7509388.760,4726929.049,620.790,E3,0.007,0.010,13:08:11,2001-02-12,0.759,0.000
312,7509389.447,4726930.034,620.682,E3,0.007,0.011,13:08:14,2001-02-12,0.759,0.000
313,7509392.451,4726929.809,621.084,E3,0.008,0.011,13:08:19,2001-02-12,0.759,0.000
314,7509393.827,4726929.881,620.918,E3,0.007,0.011,13:08:23,2001-02-12,0.759,0.000
315,7509394.733,4726928.311,620.793,E3,0.008,0.012,13:08:31,2001-02-12,0.925,0.000
316,7509396.062,4726927.776,620.808,E3,0.008,0.011,13:08:35,2001-02-12,0.759,0.000
317,7509396.374,4726928.127,620.858,E3,0.007,0.009,13:08:43,2001-02-12,0.759,0.000
318,7509398.183,4726929.002,620.789,E3,0.006,0.008,13:08:49,2001-02-12,0.759,0.000
319,7509399.384,4726928.966,620.898,E3,0.006,0.008,13:08:52,2001-02-12,0.799,0.000
320,7509401.137,4726928.541,620.094,E2,0.006,0.007,13:09:00,2001-02-12,0.759,0.000
321,7509400.690,4726930.799,620.172,E2,0.005,0.007,13:09:05,2001-02-12,0.759,0.000
322,7509402.771,4726930.136,621.189,E3,0.005,0.007,13:09:14,2001-02-12,0.759,0.000
323,7509403.579,4726929.869,621.157,E3,0.005,0.008,13:09:17,2001-02-12,0.759,0.000
324,7509403.790,4726927.724,620.969,E3,0.006,0.008,13:09:21,2001-02-12,0.759,0.000
325,7509402.347,4726924.033,618.480,E1,0.005,0.008,13:09:32,2001-02-12,0.759,0.000
326,7509403.138,4726922.078,617.585,E1,0.006,0.008,13:09:37,2001-02-12,0.929,0.000
327,7509403.578,4726919.498,616.177,LUMI,0.008,0.011,13:09:47,2001-02-12,0.957,0.000
328,7509404.253,4726928.010,621.037,E3,0.004,0.006,13:10:22,2001-02-12,0.760,0.000
329,7509405.812,4726926.838,620.263,E2,0.004,0.006,13:10:31,2001-02-12,0.760,0.000
330,7509406.899,4726927.352,620.339,E2,0.004,0.006,13:10:34,2001-02-12,0.760,0.000
331,7509406.464,4726928.864,620.137,E2,0.004,0.006,13:10:38,2001-02-12,0.760,0.000
332,7509405.674,4726928.953,620.139,E2,0.004,0.006,13:10:41,2001-02-12,0.760,0.000
333,7509405.365,4726929.649,620.243,E2,0.004,0.006,13:10:44,2001-02-12,0.760,0.000
334,7509407.973,4726928.420,620.956,E3,0.005,0.008,13:10:55,2001-02-12,0.760,0.000
335,7509409.092,4726928.393,621.058,E3,0.005,0.007,13:10:58,2001-02-12,0.760,0.000
336,7509410.475,4726927.778,620.195,E2,0.005,0.007,13:11:10,2001-02-12,0.760,0.000
337,7509411.090,4726928.682,620.174,E2,0.005,0.007,13:11:31,2001-02-12,0.760,0.000
338,7509411.670,4726929.065,620.230,E2,0.005,0.007,13:11:35,2001-02-12,0.760,0.000
339,7509412.497,4726927.472,620.281,E2,0.005,0.007,13:11:39,2001-02-12,0.760,0.000
340,7509411.699,4726927.196,620.115,E2,0.005,0.007,13:11:42,2001-02-12,0.760,0.000
341,7509413.301,4726929.273,621.205,E3,0.007,0.010,13:11:54,2001-02-12,1.211,0.000
342,7509414.698,4726929.229,621.188,E3,0.005,0.007,13:11:57,2001-02-12,0.760,0.000
343,7509415.688,4726930.595,620.062,E2,0.005,0.007,13:12:07,2001-02-12,0.760,0.000
344,7509417.263,4726930.562,620.083,E2,0.005,0.008,13:12:12,2001-02-12,0.760,0.000
345,7509417.344,4726930.210,620.201,E2,0.006,0.008,13:12:15,2001-02-12,0.760,0.000
346,7509418.415,4726929.072,620.252,E2,0.006,0.008,13:12:19,2001-02-12,0.760,0.000
347,7509418.133,4726928.618,620.082,E2,0.006,0.008,13:12:22,2001-02-12,0.760,0.000
348,7509418.653,4726927.515,620.049,E2,0.006,0.008,13:12:26,2001-02-12,0.760,0.000
349,7509418.318,4726927.393,620.081,E2,0.006,0.008,13:12:29,2001-02-12,0.760,0.000
350,7509416.697,4726927.900,620.864,E3,0.004,0.006,13:12:38,2001-02-12,0.760,0.000
351,7509419.353,4726929.142,620.671,E3,0.007,0.010,13:13:01,2001-02-12,0.760,0.000
352,7509419.500,4726927.588,620.472,E3,0.007,0.009,13:13:05,2001-02-12,0.760,0.000
353,7509420.788,4726928.291,620.685,E3,0.006,0.009,13:13:10,2001-02-12,0.760,0.000
354,7509421.746,4726925.236,618.604,E1,0.005,0.007,13:13:45,2001-02-12,0.792,0.000
355,7509421.977,4726923.980,618.478,E1,0.005,0.008,13:13:50,2001-02-12,0.761,0.000
356,7509422.939,4726922.867,618.123,E1,0.006,0.008,13:14:07,2001-02-12,0.705,0.000
357,7509423.320,4726921.688,617.339,LUMI,0.006,0.008,13:14:21,2001-02-12,0.705,0.000
358,7509422.243,4726927.719,619.864,E2,0.006,0.009,13:14:38,2001-02-12,0.705,0.000
359,7509422.812,4726927.916,619.940,E2,0.006,0.009,13:14:41,2001-02-12,0.705,0.000
360,7509424.544,4726928.342,620.796,E3,0.006,0.009,13:14:51,2001-02-12,0.705,0.000
361,7509423.903,4726929.973,620.725,E3,0.006,0.008,13:15:00,2001-02-12,0.705,0.000
362,7509423.419,4726931.874,620.837,E3,0.006,0.009,13:15:05,2001-02-12,0.705,0.000
363,7509422.871,4726932.869,620.732,E3,0.006,0.009,13:15:09,2001-02-12,0.705,0.000
364,7509422.058,4726934.011,621.415,E3,0.006,0.009,13:15:13,2001-02-12,0.705,0.000
365,7509421.734,4726934.680,621.270,E3,0.006,0.009,13:15:17,2001-02-12,0.705,0.000
366,7509420.882,4726934.955,620.793,E3,0.006,0.008,13:15:21,2001-02-12,0.705,0.000
367,7509422.210,4726930.326,620.072,E2,0.006,0.009,13:15:30,2001-02-12,0.704,0.000
368,7509421.443,4726929.813,620.105,E2,0.006,0.009,13:15:33,2001-02-12,0.704,0.000
369,7509419.636,4726932.398,620.085,E2,0.006,0.009,13:15:37,2001-02-12,0.704,0.000
370,7509420.070,4726933.373,620.208,E2,0.005,0.008,13:15:40,2001-02-12,0.731,0.000
371,7509418.778,4726933.303,620.162,E2,0.005,0.007,13:15:44,2001-02-12,0.704,0.000
372,7509418.823,4726934.182,620.249,E2,0.005,0.007,13:15:47,2001-02-12,0.704,0.000
373,7509419.924,4726935.357,621.041,E3,0.005,0.008,13:16:00,2001-02-12,0.730,0.000
374,7509419.324,4726936.312,620.820,E3,0.005,0.007,13:16:04,2001-02-12,0.704,0.000
375,7509418.857,4726939.278,621.214,E3,0.006,0.008,13:16:11,2001-02-12,0.704,0.000
376,7509417.991,4726939.761,620.727,E3,0.006,0.008,13:16:16,2001-02-12,0.704,0.000
377,7509417.261,4726940.446,620.781,E3,0.006,0.009,13:16:19,2001-02-12,0.704,0.000
378,7509416.100,4726939.418,619.952,E2,0.005,0.007,13:16:29,2001-02-12,0.704,0.000
379,7509415.214,4726938.797,619.933,E2,0.005,0.008,13:16:33,2001-02-12,0.704,0.000
380,7509413.978,4726937.542,620.940,E3,0.006,0.008,13:16:41,2001-02-12,0.704,0.000
381,7509413.212,4726938.368,621.121,E3,0.006,0.008,13:16:46,2001-02-12,0.704,0.000
382,7509413.914,4726940.650,620.972,E3,0.006,0.009,13:16:51,2001-02-12,0.704,0.000
383,7509412.859,4726942.088,620.812,E3,0.006,0.009,13:16:55,2001-02-12,0.704,0.000
384,7509412.406,4726943.196,621.069,E3,0.006,0.009,13:16:59,2001-02-12,0.704,0.000
385,7509411.357,4726944.693,620.885,E3,0.006,0.009,13:17:03,2001-02-12,0.704,0.000
386,7509410.508,4726945.317,621.150,E3,0.006,0.009,13:17:06,2001-02-12,0.704,0.000
387,7509410.373,4726947.092,621.332,E3,0.006,0.009,13:17:10,2001-02-12,0.704,0.000
388,7509413.353,4726948.247,620.878,E3,0.007,0.010,13:17:14,2001-02-12,0.703,0.000
389,7509413.932,4726947.078,620.544,E3,0.007,0.009,13:17:17,2001-02-12,0.703,0.000
390,7509414.490,4726945.663,620.662,E3,0.007,0.010,13:17:20,2001-02-12,0.703,0.000
391,7509414.925,4726944.545,620.960,E3,0.007,0.010,13:17:23,2001-02-12,0.703,0.000
392,7509415.577,4726943.122,621.198,E3,0.007,0.011,13:17:27,2001-02-12,0.703,0.000
393,7509415.029,4726941.879,620.510,E2,0.008,0.011,13:17:35,2001-02-12,0.901,0.000
394,7509414.635,4726941.474,620.421,E2,0.007,0.011,13:17:38,2001-02-12,0.901,0.000
395,7509412.419,4726944.893,620.167,E2,0.007,0.010,13:17:44,2001-02-12,0.951,0.000
396,7509412.915,4726946.527,620.138,E2,0.006,0.009,13:17:48,2001-02-12,0.901,0.000
397,7509412.361,4726946.230,620.096,E2,0.006,0.009,13:17:51,2001-02-12,0.901,0.000
398,7509409.663,4726944.250,621.146,E3,0.006,0.009,13:18:09,2001-02-12,0.901,0.000
399,7509406.504,4726942.131,620.780,E3,0.006,0.009,13:18:15,2001-02-12,0.901,0.000
400,7509404.078,4726941.333,620.939,E3,0.006,0.009,13:18:19,2001-02-12,0.901,0.000
401,7509402.748,4726941.041,620.951,E3,0.006,0.009,13:18:22,2001-02-12,0.901,0.000
402,7509401.077,4726940.578,620.863,E3,0.006,0.009,13:18:26,2001-02-12,0.901,0.000
403,7509399.878,4726940.613,621.405,E3,0.006,0.009,13:18:29,2001-02-12,0.901,0.000
404,7509398.719,4726940.555,621.517,E3,0.006,0.009,13:18:32,2001-02-12,0.901,0.000
405,7509398.308,4726940.517,621.183,E3,0.006,0.009,13:18:39,2001-02-12,0.901,0.000
406,7509399.579,4726943.941,620.575,E3,0.007,0.010,13:18:50,2001-02-12,0.901,0.000
407,7509401.481,4726944.555,620.478,E3,0.007,0.010,13:18:55,2001-02-12,0.901,0.000
408,7509404.705,4726945.263,620.676,E3,0.016,0.024,13:19:00,2001-02-12,0.924,0.000
409,7509406.017,4726945.379,620.624,E3,0.010,0.015,13:19:04,2001-02-12,0.901,0.000
410,7509407.217,4726941.730,620.346,E2,0.012,0.017,13:19:15,2001-02-12,0.901,0.000
411,7509405.834,4726940.840,620.339,E2,0.010,0.015,13:19:19,2001-02-12,0.901,0.000
412,7509406.507,4726940.377,620.293,E2,0.009,0.014,13:19:22,2001-02-12,0.901,0.000
413,7509407.403,4726940.800,620.423,E2,0.009,0.013,13:19:25,2001-02-12,0.901,0.000
414,7509405.854,4726939.344,620.273,E2,0.009,0.013,13:19:29,2001-02-12,0.901,0.000
415,7509405.237,4726939.518,620.232,E2,0.008,0.012,13:19:32,2001-02-12,0.901,0.000
416,7509404.571,4726936.727,620.145,E2,0.008,0.011,13:19:37,2001-02-12,0.931,0.000
417,7509402.697,4726936.732,619.932,E2,0.007,0.011,13:19:41,2001-02-12,0.901,0.000
418,7509402.644,4726934.342,620.047,E2,0.008,0.011,13:19:46,2001-02-12,0.901,0.000
419,7509404.849,4726932.495,619.953,E2,0.007,0.010,13:19:54,2001-02-12,0.901,0.000
420,7509405.671,4726932.499,620.081,E2,0.007,0.011,13:19:57,2001-02-12,0.901,0.000
421,7509406.263,4726934.188,619.921,E2,0.008,0.012,13:20:01,2001-02-12,0.901,0.000
422,7509409.508,4726933.522,619.960,E2,0.008,0.012,13:20:09,2001-02-12,0.901,0.000
423,7509409.629,4726934.270,619.944,E2,0.008,0.012,13:20:13,2001-02-12,0.901,0.000
424,7509408.896,4726934.198,619.846,E2,0.008,0.011,13:20:16,2001-02-12,0.901,0.000
425,7509408.582,4726938.635,620.129,E2,0.008,0.011,13:20:23,2001-02-12,0.901,0.000
426,7509409.130,4726938.615,620.187,E2,0.007,0.011,13:20:26,2001-02-12,0.901,0.000
427,7509411.285,4726939.362,620.028,E2,0.007,0.011,13:20:31,2001-02-12,0.901,0.000
428,7509411.644,4726938.317,620.147,E2,0.008,0.011,13:20:35,2001-02-12,0.901,0.000
429,7509412.603,4726937.096,621.137,E3,0.008,0.011,13:20:42,2001-02-12,0.901,0.000
430,7509410.342,4726936.633,620.862,E3,0.008,0.011,13:20:46,2001-02-12,0.912,0.000
431,7509410.916,4726935.059,620.787,E3,0.007,0.011,13:20:50,2001-02-12,0.901,0.000
432,7509411.216,4726934.249,621.053,E3,0.007,0.011,13:20:54,2001-02-12,0.900,0.000
433,7509407.515,4726932.954,620.918,E3,0.008,0.011,13:21:00,2001-02-12,1.038,0.000
434,7509407.355,4726936.066,620.796,E3,0.007,0.011,13:21:05,2001-02-12,0.900,0.000
435,7509405.869,4726936.280,620.884,E3,0.007,0.010,13:21:08,2001-02-12,0.900,0.000
436,7509406.414,4726939.431,620.663,E3,0.007,0.011,13:21:13,2001-02-12,0.900,0.000
437,7509407.102,4726939.229,620.702,E3,0.007,0.011,13:21:16,2001-02-12,0.900,0.000
438,7509408.178,4726940.418,620.920,E3,0.007,0.011,13:21:19,2001-02-12,0.900,0.000
439,7509408.651,4726940.054,620.904,E3,0.007,0.011,13:21:21,2001-02-12,0.900,0.000
440,7509409.871,4726940.697,620.939,E3,0.007,0.011,13:21:25,2001-02-12,0.900,0.000
441,7509409.091,4726941.821,621.102,E3,0.007,0.011,13:21:28,2001-02-12,0.900,0.000
442,7509417.508,4726964.401,620.407,E2,0.008,0.011,13:22:09,2001-02-12,0.899,0.000
443,7509419.523,4726965.628,620.137,E2,0.008,0.012,13:22:13,2001-02-12,0.899,0.000
444,7509418.172,4726966.296,619.841,E1,0.008,0.011,13:22:23,2001-02-12,0.768,0.000
445,7509413.595,4726965.432,619.691,E1,0.008,0.011,13:22:29,2001-02-12,0.768,0.000
446,7509411.247,4726964.409,619.505,E1,0.008,0.011,13:22:35,2001-02-12,0.768,0.000
447,7509411.528,4726963.512,619.642,E1,0.008,0.011,13:22:38,2001-02-12,0.769,0.000
448,7509412.781,4726968.851,619.721,E1,0.007,0.011,13:22:46,2001-02-12,0.769,0.000
449,7509410.006,4726969.330,619.705,E1,0.007,0.011,13:22:51,2001-02-12,0.769,0.000
450,7509413.207,4726972.025,620.004,E1,0.008,0.012,13:22:57,2001-02-12,0.898,0.000
451,7509409.889,4726979.272,620.046,E1,0.007,0.011,13:23:08,2001-02-12,0.769,0.000
452,7509407.217,4726978.011,619.899,E1,0.006,0.009,13:23:14,2001-02-12,0.769,0.000
453,7509409.285,4726982.605,620.068,E1,0.008,0.012,13:23:22,2001-02-12,0.923,0.000
454,7509405.899,4726982.496,619.848,E1,0.007,0.011,13:23:28,2001-02-12,0.923,0.000
455,7509403.229,4726991.634,619.933,E1,0.009,0.013,13:23:38,2001-02-12,0.953,0.000
456,7509405.819,4726993.039,620.060,E1,0.008,0.013,13:23:42,2001-02-12,0.923,0.000
457,7509405.017,4726996.421,620.052,E1,0.008,0.012,13:23:47,2001-02-12,0.897,0.000
458,7509401.486,4726996.026,619.928,E1,0.007,0.011,13:23:53,2001-02-12,0.897,0.000
459,7509400.709,4726996.515,619.860,E1,0.007,0.010,13:23:56,2001-02-12,0.897,0.000
460,7509400.260,4726997.075,619.887,E1,0.007,0.010,13:23:59,2001-02-12,0.897,0.000
461,7509400.385,4726997.888,620.195,ZALL,0.007,0.010,13:24:08,2001-02-12,0.897,0.000
462,7509396.905,4726997.355,620.383,ZALL,0.007,0.010,13:24:18,2001-02-12,0.953,0.000
463,7509396.232,4726996.796,620.049,ZALL,0.007,0.010,13:24:21,2001-02-12,0.896,0.000
464,7509395.609,4726996.304,619.938,ZALL,0.008,0.013,13:24:24,2001-02-12,0.896,0.000
465,7509395.870,4726994.941,619.769,E1,0.009,0.013,13:24:29,2001-02-12,0.896,0.000
466,7509394.682,4726994.596,619.712,E1,0.008,0.012,13:24:33,2001-02-12,0.928,0.000
467,7509394.596,4726992.809,619.416,KRANI,0.007,0.010,13:24:59,2001-02-12,1.020,0.000
468,7509390.294,4726991.661,619.419,KRANI,0.015,0.019,13:25:08,2001-02-12,1.312,0.000
469,7509389.802,4726993.663,619.367,KRANI,0.010,0.019,13:25:13,2001-02-12,1.332,0.000
470,7509389.459,4726993.330,619.607,E1,0.011,0.019,13:25:20,2001-02-12,1.331,0.000
471,7509389.168,4726994.026,619.674,E1,0.009,0.015,13:25:25,2001-02-12,1.016,0.000
472,7509389.055,4726994.414,619.782,ZALL,0.009,0.015,13:25:32,2001-02-12,1.016,0.000
473,7509388.841,4726996.393,619.798,ZALL,0.012,0.019,13:25:41,2001-02-12,0.893,0.000
474,7509389.072,4726996.264,619.392,KRANI,0.009,0.013,13:25:50,2001-02-12,0.893,0.000
475,7509393.282,4726997.979,619.367,KRANI,0.008,0.012,13:25:57,2001-02-12,0.893,0.000
476,7509393.560,4726998.115,619.968,ZALL,0.007,0.011,13:26:03,2001-02-12,0.893,0.000
477,7509393.712,4726998.926,620.095,ZALL,0.007,0.010,13:26:09,2001-02-12,0.892,0.000
478,7509391.370,4727008.193,620.140,ZALL,0.007,0.011,13:26:20,2001-02-12,0.892,0.000
479,7509391.372,4727009.281,620.128,,0.007,0.011,13:26:26,2001-02-12,0.892,0.000
480,7509400.149,4727012.897,620.421,,0.009,0.013,13:26:45,2001-02-12,0.891,0.000
481,7509401.124,4727009.177,620.325,ZALL,0.009,0.014,13:26:53,2001-02-12,0.890,0.000
482,7509382.282,4726991.915,619.595,ZALL,0.006,0.010,13:27:25,2001-02-12,0.889,0.000
483,7509382.485,4726991.495,619.422,E1,0.007,0.011,13:27:29,2001-02-12,0.889,0.000
484,7509371.388,4726988.470,618.930,E1,0.006,0.008,13:27:49,2001-02-12,0.888,0.000
485,7509371.378,4726988.889,619.222,ZALL,0.006,0.009,13:27:55,2001-02-12,0.887,0.000
486,7509367.972,4726997.946,619.336,ZALL,0.007,0.011,13:28:07,2001-02-12,0.887,0.000
487,7509367.753,4726998.531,619.312,,0.006,0.010,13:28:14,2001-02-12,0.775,0.000
488,7509362.783,4726984.898,618.570,E1,0.006,0.008,13:28:34,2001-02-12,0.776,0.000
489,7509361.538,4726983.903,618.453,E1,0.006,0.009,13:28:40,2001-02-12,0.776,0.000
490,7509361.072,4726982.912,618.370,E1,0.006,0.009,13:28:44,2001-02-12,0.776,0.000
491,7509360.678,4726983.100,618.583,ZALL,0.006,0.009,13:28:51,2001-02-12,0.776,0.000
492,7509361.107,4726983.995,618.695,ZALL,0.006,0.009,13:28:55,2001-02-12,0.776,0.000
493,7509360.757,4726984.442,618.733,ZALL,0.006,0.009,13:28:59,2001-02-12,0.776,0.000
494,7509355.800,4726995.309,619.027,ZALL,0.009,0.015,13:29:11,2001-02-12,1.296,0.000
495,7509355.670,4726995.847,619.025,,0.009,0.016,13:29:17,2001-02-12,1.295,0.000
496,7509354.580,4726994.912,618.941,,0.009,0.015,13:29:21,2001-02-12,1.295,0.000
497,7509355.043,4726994.186,618.900,ZALL,0.008,0.014,13:29:27,2001-02-12,1.294,0.000
498,7509352.530,4726993.541,618.916,ZALL,0.008,0.014,13:29:31,2001-02-12,1.293,0.000
499,7509351.450,4726993.367,618.889,ZALL,0.008,0.013,13:29:34,2001-02-12,0.967,0.000
500,7509350.577,4726991.959,618.748,ZALL,0.006,0.010,13:29:37,2001-02-12,0.793,0.000
501,7509350.011,4726990.803,618.717,ZALL,0.005,0.008,13:29:40,2001-02-12,0.793,0.000
502,7509348.958,4726989.827,618.698,ZALL,0.005,0.008,13:29:43,2001-02-12,0.776,0.000
503,7509347.025,4726989.302,618.695,ZALL,0.006,0.009,13:29:47,2001-02-12,0.861,0.000
504,7509346.314,4726990.218,618.669,ZALL,0.005,0.008,13:29:50,2001-02-12,0.861,0.000
505,7509347.153,4726990.479,618.660,,0.006,0.008,13:29:56,2001-02-12,0.777,0.000
506,7509349.834,4726991.875,618.721,,0.006,0.009,13:30:01,2001-02-12,0.881,0.000
507,7509351.121,4726993.627,618.870,,0.007,0.010,13:30:05,2001-02-12,0.880,0.000
508,7509361.301,4726979.037,618.356,ZALL,0.008,0.012,13:30:27,2001-02-12,0.879,0.000
509,7509361.429,4726979.289,618.191,E1,0.007,0.012,13:30:31,2001-02-12,0.879,0.000
510,7509361.923,4726978.655,617.968,E1,0.008,0.012,13:30:39,2001-02-12,0.878,0.000
511,7509361.872,4726978.343,618.069,ZALL,0.007,0.011,13:30:46,2001-02-12,0.878,0.000
512,7509363.261,4726972.378,617.937,ZALL,0.007,0.012,13:30:58,2001-02-12,0.877,0.000
513,7509363.411,4726971.816,617.934,E1,0.008,0.012,13:31:04,2001-02-12,0.877,0.000
514,7509365.335,4726970.844,618.139,E1,0.008,0.012,13:31:09,2001-02-12,0.876,0.000
515,7509365.536,4726969.416,618.363,E1,0.008,0.013,13:31:13,2001-02-12,0.876,0.000
516,7509363.152,4726969.173,618.386,E1,0.008,0.012,13:31:17,2001-02-12,0.876,0.000
517,7509366.848,4726961.827,618.810,E1,0.008,0.012,13:31:27,2001-02-12,0.875,0.000
518,7509364.785,4726960.329,619.056,E1,0.008,0.012,13:31:31,2001-02-12,0.875,0.000
519,7509365.682,4726972.121,617.638,E0,0.008,0.012,13:31:56,2001-02-12,0.777,0.000
520,7509362.421,4726979.070,617.599,E0,0.007,0.012,13:32:05,2001-02-12,0.777,0.000
521,7509362.175,4726980.647,617.635,E0,0.007,0.011,13:32:09,2001-02-12,0.777,0.000
522,7509362.213,4726983.124,617.641,E0,0.007,0.011,13:32:16,2001-02-12,0.777,0.000
523,7509364.158,4726984.030,617.585,E0,0.007,0.011,13:32:20,2001-02-12,0.777,0.000
524,7509372.366,4726986.309,617.610,E0,0.007,0.011,13:32:32,2001-02-12,0.777,0.000
525,7509374.773,4726987.065,617.697,E0,0.008,0.013,13:32:37,2001-02-12,0.871,0.000
526,7509378.236,4726988.101,617.844,E0,0.007,0.012,13:32:43,2001-02-12,0.962,0.000
527,7509382.761,4726989.746,617.948,E0,0.007,0.011,13:32:51,2001-02-12,0.792,0.000
528,7509390.232,4726991.469,618.042,E0,0.009,0.015,13:33:14,2001-02-12,1.263,0.000
529,7509392.680,4726992.310,619.404,NIVELI,0.009,0.013,13:34:12,2001-02-12,0.864,0.000
530,7509392.901,4726991.924,618.031,NIVELI,0.008,0.012,13:34:32,2001-02-12,0.862,0.000
531,7509394.894,4726992.757,618.043,E0,0.008,0.012,13:34:42,2001-02-12,0.919,0.000
532,7509400.561,4726994.548,618.030,E0,0.008,0.011,13:34:49,2001-02-12,0.934,0.000
533,7509401.983,4726992.285,617.992,E0,0.007,0.010,13:34:55,2001-02-12,0.861,0.000
534,7509405.308,4726981.664,617.958,E0,0.007,0.011,13:35:12,2001-02-12,0.859,0.000
535,7509406.603,4726981.701,618.057,E0,0.007,0.011,13:35:16,2001-02-12,0.859,0.000
536,7509407.814,4726978.974,618.045,E0,0.007,0.011,13:35:21,2001-02-12,0.859,0.000
537,7509406.331,4726978.438,617.983,E0,0.007,0.011,13:35:25,2001-02-12,0.858,0.000
538,7509407.136,4726975.210,618.018,E0,0.008,0.012,13:35:31,2001-02-12,0.858,0.000
539,7509409.397,4726968.212,618.089,E0,0.007,0.011,13:35:42,2001-02-12,0.857,0.000
540,7509411.044,4726968.190,618.022,E0,0.007,0.010,13:35:47,2001-02-12,0.857,0.000
541,7509411.732,4726965.196,618.089,E0,0.007,0.010,13:35:52,2001-02-12,0.856,0.000
542,7509410.747,4726964.962,617.711,E0,0.007,0.010,13:35:56,2001-02-12,0.856,0.000
543,7509410.731,4726964.174,618.020,E0,0.007,0.011,13:36:00,2001-02-12,0.856,0.000
544,7509400.636,4726960.890,617.559,E0,0.007,0.011,13:36:12,2001-02-12,0.855,0.000
545,7509399.778,4726960.084,617.473,E0,0.009,0.012,13:36:17,2001-02-12,1.015,0.000
546,7509399.375,4726959.768,617.430,PUSET-F,0.012,0.014,13:36:27,2001-02-12,1.014,0.000
547,7509398.884,4726959.776,617.437,PUSET-F,0.016,0.017,13:36:32,2001-02-12,1.281,0.000
548,7509398.652,4726959.201,617.377,PUSET-F,0.026,0.040,13:36:36,2001-02-12,2.506,0.000
549,7509399.016,4726958.794,617.612,PUSET-F,0.025,0.038,13:36:41,2001-02-12,1.240,0.000
550,7509399.131,4726958.423,617.720,E0,0.012,0.023,13:36:49,2001-02-12,1.239,0.000
551,7509396.135,4726959.290,617.519,E0,0.008,0.015,13:36:58,2001-02-12,1.238,0.000
552,7509393.852,4726958.912,617.456,E0,0.007,0.011,13:37:04,2001-02-12,0.884,0.000
553,7509386.993,4726957.183,617.689,E0,0.006,0.009,13:37:14,2001-02-12,0.775,0.000
554,7509386.747,4726957.944,617.577,E0,0.006,0.010,13:37:18,2001-02-12,0.775,0.000
555,7509385.439,4726958.192,617.680,E0,0.006,0.009,13:37:22,2001-02-12,0.775,0.000
556,7509383.278,4726957.842,617.552,E0,0.006,0.009,13:37:27,2001-02-12,0.775,0.000
557,7509381.044,4726958.294,617.537,E0,0.006,0.009,13:37:31,2001-02-12,0.775,0.000
558,7509380.751,4726958.779,617.551,E0,0.006,0.009,13:37:34,2001-02-12,0.775,0.000
559,7509378.163,4726959.581,617.630,E0,0.006,0.010,13:37:40,2001-02-12,0.775,0.000
560,7509375.749,4726962.121,617.773,E0,0.008,0.012,13:37:45,2001-02-12,0.775,0.000
561,7509374.778,4726962.396,617.811,E0,0.006,0.010,13:37:48,2001-02-12,0.775,0.000
562,7509373.508,4726961.858,617.747,E0,0.007,0.010,13:37:52,2001-02-12,0.775,0.000
563,7509373.447,4726960.808,617.704,E0,0.007,0.010,13:37:55,2001-02-12,0.774,0.000
564,7509371.954,4726960.788,617.665,E0,0.006,0.010,13:37:58,2001-02-12,0.774,0.000
565,7509371.579,4726961.344,617.634,E0,0.006,0.010,13:38:02,2001-02-12,0.774,0.000
566,7509370.212,4726961.517,617.656,E0,0.006,0.010,13:38:05,2001-02-12,0.774,0.000
567,7509370.022,4726962.054,617.749,E0,0.005,0.008,13:38:09,2001-02-12,0.819,0.000
568,7509368.163,4726962.189,617.579,E0,0.005,0.008,13:38:14,2001-02-12,0.774,0.000
569,7509361.336,4726972.397,618.084,ZALL,0.006,0.009,13:38:32,2001-02-12,0.774,0.000
570,7509359.357,4726972.397,618.154,ZALL,0.006,0.009,13:38:36,2001-02-12,0.774,0.000
571,7509358.946,4726970.040,618.145,ZALL,0.006,0.009,13:38:40,2001-02-12,0.774,0.000
572,7509358.890,4726969.625,618.131,,0.006,0.009,13:38:46,2001-02-12,0.774,0.000
573,7509357.997,4726969.620,618.124,,0.006,0.010,13:38:49,2001-02-12,0.774,0.000
574,7509357.345,4726969.820,618.193,ZALL,0.006,0.010,13:38:54,2001-02-12,0.773,0.000
575,7509355.723,4726970.271,618.247,ZALL,0.006,0.009,13:38:58,2001-02-12,0.773,0.000
576,7509354.244,4726970.136,618.223,ZALL,0.006,0.009,13:39:02,2001-02-12,0.773,0.000
577,7509354.009,4726969.534,618.182,,0.006,0.009,13:39:08,2001-02-12,0.773,0.000
578,7509348.493,4726969.837,618.301,,0.006,0.009,13:39:17,2001-02-12,0.773,0.000
579,7509348.643,4726970.332,618.336,ZALL,0.006,0.009,13:39:21,2001-02-12,0.773,0.000
580,7509346.641,4726970.707,618.381,ZALL,0.006,0.009,13:39:26,2001-02-12,0.773,0.000
581,7509345.261,4726970.001,618.365,ZALL,0.006,0.009,13:39:29,2001-02-12,0.773,0.000
582,7509343.529,4726968.150,618.369,ZALL,0.006,0.010,13:39:32,2001-02-12,0.773,0.000
583,7509342.257,4726997.841,619.072,ZALL,1.405,2.294,13:40:15,2001-02-12,1.555,0.000
584,7509342.297,4726997.554,618.787,ZALL,0.007,0.010,13:40:22,2001-02-12,0.905,0.000
585,7509342.288,4726997.560,618.787,ZALL,0.006,0.011,13:40:27,2001-02-12,0.866,0.000
586,7509339.247,4727003.620,617.842,ZALL,1.595,2.208,13:40:40,2001-02-12,1.274,0.000
587,7509339.822,4727004.188,619.013,ZALL,0.007,0.009,13:40:45,2001-02-12,1.029,0.000
588,7509339.570,4727005.092,618.966,ASFALT,0.005,0.008,13:41:07,2001-02-12,0.770,0.000
589,7509345.682,4727008.333,619.155,ASFALT,0.005,0.008,13:41:35,2001-02-12,0.830,0.000
590,7509352.083,4727010.690,619.401,,0.005,0.007,13:41:58,2001-02-12,0.828,0.000
591,7509353.885,4727005.361,619.351,,0.005,0.007,13:42:07,2001-02-12,0.827,0.000
592,7509365.778,4727007.251,619.552,,0.005,0.008,13:42:17,2001-02-12,0.857,0.000
593,7509378.816,4727011.943,619.913,,0.006,0.009,13:42:29,2001-02-12,0.856,0.000
594,7509395.577,4727016.775,620.390,,0.006,0.010,13:42:45,2001-02-12,0.855,0.000
595,7509391.677,4727027.767,620.513,,0.005,0.009,13:42:56,2001-02-12,0.906,0.000
596,7509391.291,4727028.535,620.480,ASFALT,0.005,0.008,13:43:05,2001-02-12,0.779,0.000
597,7509414.687,4727036.705,621.114,ASFALT,0.006,0.010,13:43:28,2001-02-12,0.851,0.000
598,7509414.994,4727035.871,621.157,,0.006,0.009,13:43:37,2001-02-12,0.820,0.000
599,7509418.117,4727025.940,621.165,,0.006,0.009,13:43:46,2001-02-12,0.819,0.000
600,7509420.965,4727016.258,621.114,,0.006,0.009,13:43:56,2001-02-12,0.818,0.000
601,7509421.288,4727015.901,621.165,ZALL,0.006,0.009,13:44:03,2001-02-12,0.818,0.000
602,7509408.499,4727013.107,620.682,ZALL,0.007,0.010,13:44:17,2001-02-12,0.827,0.000
603,7509399.621,4727009.512,620.293,ZALL,0.006,0.009,13:44:28,2001-02-12,0.765,0.000
604,7509405.651,4726999.527,620.188,ZALL,0.008,0.013,13:45:02,2001-02-12,0.844,0.000
605,7509413.965,4727002.312,620.492,ZALL,0.007,0.012,13:45:13,2001-02-12,0.843,0.000
606,7509423.189,4727003.541,620.985,ZALL,0.006,0.010,13:45:23,2001-02-12,0.842,0.000
607,7509431.390,4727005.240,621.156,ZALL,0.006,0.011,13:45:32,2001-02-12,0.841,0.000
608,7509432.911,4727012.391,621.227,E0,0.006,0.010,13:46:04,2001-02-12,0.839,0.000
609,7509432.815,4727013.303,621.524,E1,0.006,0.010,13:46:08,2001-02-12,0.838,0.000
610,7509429.676,4727026.601,621.404,E1,0.006,0.010,13:46:21,2001-02-12,0.837,0.000
611,7509426.239,4727039.018,621.418,,0.005,0.009,13:46:31,2001-02-12,0.837,0.000
612,7509426.044,4727040.225,621.434,ASFALT,0.005,0.009,13:46:42,2001-02-12,0.829,0.000
613,7509444.847,4727045.151,621.875,ASFALT,0.006,0.010,13:47:00,2001-02-12,1.200,0.000
614,7509444.975,4727044.355,621.958,,0.006,0.010,13:47:04,2001-02-12,1.388,0.000
615,7509475.889,4727050.544,622.666,,0.007,0.012,13:47:45,2001-02-12,1.199,0.000
616,7509475.919,4727051.536,622.488,ASFALT,0.006,0.011,13:47:50,2001-02-12,0.886,0.000
617,7509476.120,4727050.610,622.572,,0.006,0.010,13:47:57,2001-02-12,0.830,0.000
618,7509506.840,4727055.272,623.012,,0.007,0.013,13:48:26,2001-02-12,0.896,0.000
619,7509506.669,4727056.146,622.946,ASFALT,0.007,0.011,13:48:33,2001-02-12,0.896,0.000
620,7509506.623,4727052.496,623.146,,0.007,0.011,13:49:03,2001-02-12,0.825,0.000
621,7509504.407,4727041.929,623.311,,0.007,0.011,13:49:15,2001-02-12,0.824,0.000
622,7509500.568,4727032.931,623.319,,0.007,0.010,13:49:26,2001-02-12,0.823,0.000
623,7509498.791,4727027.941,623.115,E1,0.006,0.010,13:49:36,2001-02-12,0.823,0.000
624,7509498.274,4727027.167,621.311,E0,0.006,0.009,13:49:53,2001-02-12,0.821,0.000
625,7509494.716,4727027.195,621.262,E0,0.005,0.009,13:50:06,2001-02-12,0.848,0.000
626,7509494.559,4727027.519,623.015,E1,0.005,0.008,13:50:10,2001-02-12,0.848,0.000
627,7509482.662,4727023.959,622.760,E1,0.006,0.010,13:50:24,2001-02-12,0.782,0.000
628,7509482.868,4727023.662,621.329,E0,0.006,0.009,13:50:32,2001-02-12,0.762,0.000
629,7509467.446,4727018.841,621.296,E0,0.006,0.009,13:50:48,2001-02-12,0.821,0.000
630,7509467.451,4727019.115,622.412,E1,0.005,0.009,13:50:55,2001-02-12,0.821,0.000
631,7509455.612,4727016.428,622.142,E1,0.005,0.008,13:51:09,2001-02-12,0.821,0.000
632,7509455.633,4727016.144,621.344,E0,0.005,0.008,13:51:14,2001-02-12,0.821,0.000
633,7509451.417,4727015.662,621.341,E0,0.006,0.009,13:51:20,2001-02-12,0.820,0.000
634,7509451.346,4727015.825,622.010,E1,0.005,0.008,13:51:23,2001-02-12,0.820,0.000
635,7509446.467,4727022.693,622.034,,0.008,0.012,13:51:42,2001-02-12,0.847,0.000
636,7509444.809,4727036.541,621.863,,0.006,0.009,13:51:56,2001-02-12,0.759,0.000
637,7509461.998,4727042.789,622.432,,0.007,0.011,13:52:17,2001-02-12,0.811,0.000
638,7509467.096,4727030.259,622.629,,0.006,0.010,13:52:29,2001-02-12,0.810,0.000
639,7509488.948,4727036.271,623.071,,0.007,0.011,13:52:54,2001-02-12,0.878,0.000
640,7509487.937,4727044.501,623.046,,0.007,0.011,13:53:02,2001-02-12,0.877,0.000
641,7509509.598,4727045.489,623.280,,0.006,0.010,13:53:24,2001-02-12,0.866,0.000
642,7509529.961,4727057.500,623.307,ASFALT,0.006,0.010,13:53:58,2001-02-12,1.202,0.000
643,7509530.111,4727056.679,623.364,,0.006,0.010,13:54:03,2001-02-12,0.864,0.000
644,7509530.302,4727052.596,623.321,,0.006,0.009,13:54:10,2001-02-12,0.864,0.000
645,7509530.586,4727048.076,623.244,,0.005,0.007,13:54:19,2001-02-12,0.803,0.000
646,7509529.759,4727042.968,623.091,,0.005,0.008,13:54:33,2001-02-12,0.802,0.000
647,7509533.976,4727041.631,623.000,,0.006,0.010,13:54:52,2001-02-12,0.752,0.000
648,7509537.416,4727041.015,622.908,,0.007,0.012,13:55:04,2001-02-12,1.204,0.000
649,7509537.864,4727038.003,622.745,LUGAJ,0.007,0.011,13:55:28,2001-02-12,0.778,0.000
650,7509535.020,4727032.629,622.249,LUGAJ,0.006,0.010,13:55:46,2001-02-12,0.910,0.000
651,7509532.222,4727032.947,622.977,,0.007,0.012,13:56:01,2001-02-12,0.896,0.000
652,7509529.398,4727033.509,623.244,,0.007,0.011,13:56:15,2001-02-12,0.896,0.000
653,7509531.618,4727026.306,621.827,LUGAJ,0.010,0.014,13:56:37,2001-02-12,1.715,0.000
654,7509527.176,4727027.448,623.476,,0.007,0.012,13:56:51,2001-02-12,1.103,0.000
655,7509523.534,4727020.750,623.493,,0.005,0.009,13:57:04,2001-02-12,1.010,0.000
656,7509527.095,4727019.780,621.840,LUGAJ,0.006,0.009,13:57:16,2001-02-12,0.811,0.000
657,7509522.083,4727018.693,623.473,,0.006,0.010,13:57:38,2001-02-12,0.866,0.000
658,7509520.176,4727012.688,623.448,,0.005,0.008,13:57:55,2001-02-12,0.853,0.000
659,7509523.234,4727010.704,623.109,,0.005,0.009,13:58:06,2001-02-12,0.809,0.000
660,7509518.119,4727008.370,623.159,,0.005,0.008,13:58:49,2001-02-12,0.787,0.000
661,7509518.592,4727007.669,623.130,,0.005,0.008,13:58:52,2001-02-12,0.787,0.000
662,7509519.406,4727005.385,622.792,,0.005,0.007,13:58:59,2001-02-12,0.787,0.000
663,7509520.612,4727000.195,622.578,,0.005,0.009,13:59:12,2001-02-12,1.217,0.000
664,7509516.563,4726995.854,622.773,,0.005,0.008,13:59:23,2001-02-12,0.893,0.000
665,7509511.871,4726991.358,622.223,,0.006,0.009,13:59:34,2001-02-12,0.918,0.000
666,7509509.725,4726989.992,622.228,,0.006,0.008,14:00:04,2001-02-12,0.826,0.000
667,7509511.505,4726984.994,621.681,E1,0.007,0.011,14:00:31,2001-02-12,0.739,0.000
668,7509511.843,4726977.006,621.258,E1,0.008,0.012,14:00:51,2001-02-12,0.738,0.000
669,7509507.336,4726971.457,621.121,E1,0.008,0.012,14:01:07,2001-02-12,0.865,0.000
670,7509501.506,4726965.730,620.746,E1,0.009,0.014,14:01:19,2001-02-12,0.765,0.000
671,7509497.923,4726961.760,620.415,E1,0.012,0.019,14:01:31,2001-02-12,0.865,0.000
672,7509493.914,4726955.371,620.415,E1,0.009,0.013,14:01:44,2001-02-12,0.865,0.000
673,7509488.773,4726954.453,620.471,E1,0.007,0.012,14:01:56,2001-02-12,0.816,0.000
674,7509478.920,4726952.607,620.369,E1,0.007,0.011,14:02:17,2001-02-12,0.950,0.000
675,7509468.663,4726947.870,620.424,E1,0.007,0.010,14:02:35,2001-02-12,0.923,0.000
676,7509464.061,4726943.972,620.198,E1,0.006,0.009,14:02:45,2001-02-12,0.882,0.000
677,7509459.220,4726939.796,619.472,E1,0.006,0.009,14:02:59,2001-02-12,0.863,0.000
678,7509459.265,4726939.878,619.467,E1,0.005,0.008,14:03:01,2001-02-12,0.863,0.000
679,7509455.696,4726941.614,620.009,E1,0.006,0.009,14:03:22,2001-02-12,0.733,0.000
680,7509447.381,4726939.976,620.264,E1,0.006,0.009,14:03:39,2001-02-12,0.923,0.000
681,7509441.504,4726935.800,620.280,E1,0.006,0.008,14:03:54,2001-02-12,0.886,0.000
682,7509434.247,4726934.338,620.236,E1,0.008,0.011,14:04:15,2001-02-12,1.229,0.000
683,7509423.419,4726969.063,619.803,E1,0.008,0.013,14:05:14,2001-02-12,1.036,0.000
684,7509438.684,4726971.982,620.428,E1,0.008,0.013,14:05:35,2001-02-12,1.251,0.000
685,7509443.548,4726972.416,620.824,E1,0.008,0.012,14:05:44,2001-02-12,1.252,0.000
686,7509454.007,4726971.884,620.862,E1,0.007,0.010,14:06:06,2001-02-12,0.891,0.000
687,7509462.945,4726966.661,621.112,E1,0.007,0.009,14:06:16,2001-02-12,0.981,0.000
688,7509476.290,4726964.482,621.476,E1,0.007,0.010,14:06:30,2001-02-12,0.837,0.000
689,7509490.700,4726971.555,621.781,E1,0.009,0.013,14:06:44,2001-02-12,1.281,0.000
690,7509500.033,4726977.518,621.927,E1,0.008,0.012,14:06:57,2001-02-12,1.260,0.000
691,7509501.382,4726985.774,621.810,E1,0.008,0.011,14:07:07,2001-02-12,1.261,0.000
692,7509500.506,4726993.636,622.449,E1,0.008,0.011,14:07:37,2001-02-12,1.265,0.000
693,7509499.119,4726994.048,621.455,E0,0.008,0.011,14:07:45,2001-02-12,1.036,0.000
694,7509501.087,4726999.677,622.844,E1,0.008,0.013,14:08:00,2001-02-12,1.037,0.000
695,7509500.248,4726999.945,621.336,E0,0.007,0.012,14:08:17,2001-02-12,0.798,0.000
696,7509503.354,4727008.557,621.320,E0,0.013,0.019,14:08:36,2001-02-12,1.247,0.000
697,7509504.217,4727008.649,622.874,E1,0.010,0.014,14:08:42,2001-02-12,1.041,0.000
698,7509500.764,4727019.753,623.053,E1,0.007,0.010,14:08:57,2001-02-12,0.798,0.000
699,7509500.231,4727019.438,621.223,E0,0.007,0.010,14:09:03,2001-02-12,0.798,0.000
700,7509497.498,4727017.224,621.281,E0,0.008,0.011,14:09:41,2001-02-12,1.280,0.000
701,7509494.790,4726997.011,621.241,E0,0.005,0.008,14:10:00,2001-02-12,0.996,0.000
702,7509477.635,4726990.699,621.228,E0,0.005,0.006,14:10:18,2001-02-12,0.947,0.000
703,7509474.593,4727001.617,621.227,E0,0.005,0.009,14:10:29,2001-02-12,0.797,0.000
704,7509470.918,4727012.500,621.282,E0,0.005,0.007,14:10:41,2001-02-12,0.797,0.000
705,7509457.267,4727009.318,621.259,E0,0.006,0.008,14:10:54,2001-02-12,0.967,0.000
706,7509459.819,4726997.749,621.256,E0,0.007,0.009,14:11:06,2001-02-12,0.947,0.000
707,7509463.507,4726983.167,621.276,E0,0.006,0.008,14:11:19,2001-02-12,1.196,0.000
708,7509441.425,4726978.866,620.999,E0,0.005,0.007,14:11:52,2001-02-12,0.796,0.000
709,7509436.570,4726974.616,620.277,,0.007,0.010,14:12:13,2001-02-12,0.946,0.000
710,7509434.779,4726977.497,620.423,,0.007,0.010,14:12:16,2001-02-12,0.946,0.000
711,7509432.299,4726989.243,620.839,,0.008,0.013,14:12:29,2001-02-12,1.064,0.000
712,7509438.819,4726992.712,621.117,,0.008,0.012,14:12:40,2001-02-12,1.387,0.000
713,7509436.713,4727004.202,621.278,,0.008,0.013,14:12:53,2001-02-12,1.307,0.000
714,7509423.914,4727000.887,620.800,,0.005,0.009,14:13:07,2001-02-12,0.891,0.000
715,7509517.496,4727052.820,623.216,UJI,0.008,0.011,14:25:05,2001-02-12,0.901,0.000
716,7509517.222,4727055.962,623.160,UJI,0.007,0.011,14:25:18,2001-02-12,0.745,0.000
717,7509517.207,4727056.853,623.095,ASFALT,0.007,0.011,14:25:30,2001-02-12,0.745,0.000
718,7509515.648,4727065.460,623.055,ASFALT,0.007,0.010,14:25:48,2001-02-12,0.792,0.000
719,7509515.667,4727065.508,623.185,TERTUAR,0.008,0.011,14:26:09,2001-02-12,0.792,0.000
720,7509515.073,4727067.412,623.183,TERTUAR,0.008,0.013,14:26:18,2001-02-12,0.809,0.000
721,7509513.411,4727077.885,623.254,KANAL,0.010,0.015,14:26:42,2001-02-12,0.746,0.000
722,7509513.316,4727078.322,622.850,KANAL,0.007,0.011,14:26:51,2001-02-12,0.746,0.000
723,7509513.199,4727078.846,622.835,KANAL,0.006,0.009,14:26:59,2001-02-12,0.746,0.000
724,7509513.238,4727079.381,623.317,KANAL,0.006,0.008,14:27:08,2001-02-12,0.746,0.000
725,7509509.955,4727091.037,623.780,UJI,0.006,0.009,14:27:34,2001-02-12,0.746,0.000
726,7509507.093,4727099.573,623.208,MURI,0.007,0.011,14:27:56,2001-02-12,0.809,0.000
727,7509483.534,4727092.766,622.779,MURI,0.006,0.009,14:28:22,2001-02-12,0.809,0.000
728,7509486.476,4727084.116,622.469,UJI,0.007,0.011,14:28:58,2001-02-12,0.746,0.000
